	0	1	2	3	4	5	6	7	8	9	10	11	12	13	14	15	16	17	18	19	20	21	22	23	24	25	26	27	28	29	30	31	32	33	34	35	36	37	38	39	40	41	42	43	44	45	46	47	48	49	50	51	52	53	54	55	56	57	58	59	60	61	62	63	64	65	66	67	68	69	70	71	72	73	74	75	76	77	78	79	80	81	82	83	84	85	86	87	88	89	90	91	92	93	94	95	96	97	98	99	100	101	102	103	104	105	106	107	108	109	110	111	112	113	114	115	116	117	118	119	120	121	122	123	124	125	126	127	128	129	130	131	132	133	134	135	136	137	138	139	140	141	142	143	144	145	146	147	148	149	150	151	152	153	154	155	156	157	158	159	160
------------------------------------------------------------------------------------------------------------------------------------------------------------------------------------------------------------------------------------------------------------------------------------------------------------------------------------------------------------------------------------------------------------------------------------------------------------------------------------------------------------------------------------------------------------------------------------------------------------------------------------------------------------------------------------------------------------------------------------------------------------------------------------------------------------------------------------------------------------------------------------------------------------------------------------------------------------------------------------------------------------------------------------------------------------------------------------------------------------------------------------------------------------------------------------------------------------------------------------------------------------------------------------------------------------------------------------------------
1 |	1	2	3	4	5	6	7	8	9	10	11	12	13	14	15	16	17	18	19	20	21	22	23	24	25	26	27	28	29	30	31	32	33	34	35	36	37	38	39	40	41	42	43	44	45	46	47	48	49	50	51	52	53	54	55	56	57	58	59	60	61	62	63	64	65	66	67	68	69	70	71	72	73	74	75	76	77	78	79	80	81	82	83	84	85	86	87	88	89	90	91	92	93	94	95	96	97	98	99	100	101	102	103	104	105	106	107	108	109	110	111	112	113	114	115	116	117	118	119	120	121	122	123	124	125	126	127	128	129	130	131	132	133	134	135	136	137	138	139	140	141	142	143	144	145	146	147	148	149	150	1	2	2	3	3	4	4	5	5	6	6
2 |	1	2	2	3	3	4	4	5	5	6	6	7	7	8	8	9	9	10	10	11	11	12	12	13	13	14	14	15	15	16	16	17	17	18	18	19	19	20	20	21	21	22	22	23	23	24	24	25	25	26	26	27	27	28	28	29	29	30	30	31	31	32	32	33	33	34	34	35	35	36	36	37	37	38	38	39	39	40	40	41	41	42	42	43	43	44	44	45	45	46	46	47	47	48	48	49	49	50	50	51	51	52	52	53	53	54	54	55	55	56	56	57	57	58	58	59	59	60	60	61	61	62	62	63	63	64	64	65	65	66	66	67	67	68	68	69	69	70	70	71	71	72	72	73	73	74	74	75	75	76	1	2	2	2	3	3	3	4	4	4	5
3 |	1	2	2	2	3	3	3	4	4	4	5	5	5	6	6	6	7	7	7	8	8	8	9	9	9	10	10	10	11	11	11	12	12	12	13	13	13	14	14	14	15	15	15	16	16	16	17	17	17	18	18	18	19	19	19	20	20	20	21	21	21	22	22	22	23	23	23	24	24	24	25	25	25	26	26	26	27	27	27	28	28	28	29	29	29	30	30	30	31	31	31	32	32	32	33	33	33	34	34	34	35	35	35	36	36	36	37	37	37	38	38	38	39	39	39	40	40	40	41	41	41	42	42	42	43	43	43	44	44	44	45	45	45	46	46	46	47	47	47	48	48	48	49	49	49	50	50	50	51	51	1	2	2	2	2	3	3	3	3	4	4
4 |	1	2	2	2	2	3	3	3	3	4	4	4	4	5	5	5	5	6	6	6	6	7	7	7	7	8	8	8	8	9	9	9	9	10	10	10	10	11	11	11	11	12	12	12	12	13	13	13	13	14	14	14	14	15	15	15	15	16	16	16	16	17	17	17	17	18	18	18	18	19	19	19	19	20	20	20	20	21	21	21	21	22	22	22	22	23	23	23	23	24	24	24	24	25	25	25	25	26	26	26	26	27	27	27	27	28	28	28	28	29	29	29	29	30	30	30	30	31	31	31	31	32	32	32	32	33	33	33	33	34	34	34	34	35	35	35	35	36	36	36	36	37	37	37	37	38	38	38	38	39	1	2	2	2	2	2	3	3	3	3	3
5 |	1	2	2	2	2	2	3	3	3	3	3	4	4	4	4	4	5	5	5	5	5	6	6	6	6	6	7	7	7	7	7	8	8	8	8	8	9	9	9	9	9	10	10	10	10	10	11	11	11	11	11	12	12	12	12	12	13	13	13	13	13	14	14	14	14	14	15	15	15	15	15	16	16	16	16	16	17	17	17	17	17	18	18	18	18	18	19	19	19	19	19	20	20	20	20	20	21	21	21	21	21	22	22	22	22	22	23	23	23	23	23	24	24	24	24	24	25	25	25	25	25	26	26	26	26	26	27	27	27	27	27	28	28	28	28	28	29	29	29	29	29	30	30	30	30	30	31	31	31	31	1	2	2	2	2	2	2	3	3	3	3
6 |	1	2	2	2	2	2	2	3	3	3	3	3	3	4	4	4	4	4	4	5	5	5	5	5	5	6	6	6	6	6	6	7	7	7	7	7	7	8	8	8	8	8	8	9	9	9	9	9	9	10	10	10	10	10	10	11	11	11	11	11	11	12	12	12	12	12	12	13	13	13	13	13	13	14	14	14	14	14	14	15	15	15	15	15	15	16	16	16	16	16	16	17	17	17	17	17	17	18	18	18	18	18	18	19	19	19	19	19	19	20	20	20	20	20	20	21	21	21	21	21	21	22	22	22	22	22	22	23	23	23	23	23	23	24	24	24	24	24	24	25	25	25	25	25	25	26	26	26	26	26	1	2	2	2	2	2	2	3	3	3	3
11 |	1	2	2	2	2	2	2	3	3	3	3	2	3	3	3	3	3	3	4	4	4	4	3	4	4	4	4	4	4	5	5	5	5	4	5	5	5	5	5	5	6	6	6	6	5	6	6	6	6	6	6	7	7	7	7	6	7	7	7	7	7	7	8	8	8	8	7	8	8	8	8	8	8	9	9	9	9	8	9	9	9	9	9	9	10	10	10	10	9	10	10	10	10	10	10	11	11	11	11	10	11	11	11	11	11	11	12	12	12	12	11	12	12	12	12	12	12	13	13	13	13	12	13	13	13	13	13	13	14	14	14	14	13	14	14	14	14	14	14	15	15	15	15	14	15	15	15	15	15	15	1	2	2	2	2	2	2	3	3	3	3
12 |	1	2	2	2	2	2	2	3	3	3	3	2	2	3	3	3	3	3	3	4	4	4	3	3	3	4	4	4	4	4	4	5	5	4	4	4	4	5	5	5	5	5	5	6	5	5	5	5	5	6	6	6	6	6	6	6	6	6	6	6	6	7	7	7	7	7	7	7	7	7	7	7	7	8	8	8	8	8	8	8	8	8	8	8	8	9	9	9	9	9	9	9	9	9	9	9	9	10	10	10	10	10	10	10	10	10	10	10	10	11	11	11	11	11	11	11	11	11	11	11	11	12	12	12	12	12	12	12	12	12	12	12	12	13	13	13	13	13	13	13	13	13	13	13	13	14	14	14	14	14	1	2	2	2	2	2	2	3	3	3	3
13 |	1	2	2	2	2	2	2	3	3	3	3	2	2	2	3	3	3	3	3	3	4	4	3	3	3	3	3	4	4	4	4	4	4	4	4	4	4	4	4	4	5	5	5	5	5	5	5	5	5	5	5	5	5	6	6	6	6	6	6	6	6	6	6	6	6	6	7	7	7	7	7	7	7	7	7	7	7	7	7	8	8	8	8	8	8	8	8	8	8	8	8	8	9	9	9	9	9	9	9	9	9	9	9	9	9	10	10	10	10	10	10	10	10	10	10	10	10	10	11	11	11	11	11	11	11	11	11	11	11	11	11	12	12	12	12	12	12	12	12	12	12	12	12	12	13	13	13	13	13	13	1	2	2	2	2	2	2	3	3	3	3
14 |	1	2	2	2	2	2	2	3	3	3	3	2	2	2	2	3	3	3	3	3	3	4	3	3	3	3	3	3	3	4	4	4	4	4	4	4	4	4	4	4	4	4	4	5	5	5	5	5	5	5	5	5	5	5	5	5	5	6	6	6	6	6	6	6	6	6	6	6	6	6	6	7	7	7	7	7	7	7	7	7	7	7	7	7	7	8	8	8	8	8	8	8	8	8	8	8	8	8	8	9	9	9	9	9	9	9	9	9	9	9	9	9	9	10	10	10	10	10	10	10	10	10	10	10	10	10	10	11	11	11	11	11	11	11	11	11	11	11	11	11	11	12	12	12	12	12	12	12	12	12	1	2	2	2	2	2	2	3	3	3	3
15 |	1	2	2	2	2	2	2	3	3	3	3	2	2	2	2	2	3	3	3	3	3	3	3	3	3	3	3	3	3	3	3	4	4	4	4	4	4	4	4	4	4	4	4	4	4	4	5	5	5	5	5	5	5	5	5	5	5	5	5	5	5	6	6	6	6	6	6	6	6	6	6	6	6	6	6	6	7	7	7	7	7	7	7	7	7	7	7	7	7	7	7	8	8	8	8	8	8	8	8	8	8	8	8	8	8	8	9	9	9	9	9	9	9	9	9	9	9	9	9	9	9	10	10	10	10	10	10	10	10	10	10	10	10	10	10	10	11	11	11	11	11	11	11	11	11	11	11	11	11	11	1	2	2	2	2	2	2	3	3	3	3
16 |	1	2	2	2	2	2	2	3	3	3	3	2	2	2	2	2	2	3	3	3	3	3	3	3	3	3	3	3	3	3	3	3	3	4	4	4	4	4	4	4	4	4	4	4	4	4	4	4	4	5	5	5	5	5	5	5	5	5	5	5	5	5	5	5	5	6	6	6	6	6	6	6	6	6	6	6	6	6	6	6	6	7	7	7	7	7	7	7	7	7	7	7	7	7	7	7	7	8	8	8	8	8	8	8	8	8	8	8	8	8	8	8	8	9	9	9	9	9	9	9	9	9	9	9	9	9	9	9	9	10	10	10	10	10	10	10	10	10	10	10	10	10	10	10	10	11	11	11	11	11	1	2	2	2	2	2	2	3	3	3	3
21 |	1	2	2	2	2	2	2	3	3	3	3	2	2	2	2	2	2	3	3	3	3	2	3	3	3	3	3	3	3	3	3	3	3	3	3	3	3	3	4	4	4	4	3	4	4	4	4	4	4	4	4	4	4	4	4	4	4	4	4	5	5	5	5	4	5	5	5	5	5	5	5	5	5	5	5	5	5	5	5	5	6	6	6	6	5	6	6	6	6	6	6	6	6	6	6	6	6	6	6	6	6	7	7	7	7	6	7	7	7	7	7	7	7	7	7	7	7	7	7	7	7	7	8	8	8	8	7	8	8	8	8	8	8	8	8	8	8	8	8	8	8	8	8	9	9	9	9	8	9	9	1	2	2	2	2	2	2	3	3	3	3
22 |	1	2	2	2	2	2	2	3	3	3	3	2	2	2	2	2	2	3	3	3	3	2	2	3	3	3	3	3	3	3	3	3	3	3	3	3	3	3	3	4	4	4	3	3	3	4	4	4	4	4	4	4	4	4	4	4	4	4	4	4	4	5	5	4	4	4	4	5	5	5	5	5	5	5	5	5	5	5	5	5	5	5	5	6	5	5	5	5	5	6	6	6	6	6	6	6	6	6	6	6	6	6	6	6	6	6	6	6	6	6	6	7	7	7	7	7	7	7	7	7	7	7	7	7	7	7	7	7	7	7	7	7	7	8	8	8	8	8	8	8	8	8	8	8	8	8	8	8	8	8	1	2	2	2	2	2	2	3	3	3	3
23 |	1	2	2	2	2	2	2	3	3	3	3	2	2	2	2	2	2	3	3	3	3	2	2	2	3	3	3	3	3	3	3	3	3	3	3	3	3	3	3	3	4	4	3	3	3	3	3	4	4	4	4	4	4	4	4	4	4	4	4	4	4	4	4	4	4	4	4	4	4	4	5	5	5	5	5	5	5	5	5	5	5	5	5	5	5	5	5	5	5	5	5	5	5	6	6	6	6	6	6	6	6	6	6	6	6	6	6	6	6	6	6	6	6	6	6	6	7	7	7	7	7	7	7	7	7	7	7	7	7	7	7	7	7	7	7	7	7	7	7	8	8	8	8	8	8	8	8	8	8	8	1	2	2	2	2	2	2	3	3	3	3
24 |	1	2	2	2	2	2	2	3	3	3	3	2	2	2	2	2	2	3	3	3	3	2	2	2	2	3	3	3	3	3	3	3	3	3	3	3	3	3	3	3	3	4	3	3	3	3	3	3	3	4	4	4	4	4	4	4	4	4	4	4	4	4	4	4	4	4	4	4	4	4	4	4	4	5	5	5	5	5	5	5	5	5	5	5	5	5	5	5	5	5	5	5	5	5	5	5	5	6	6	6	6	6	6	6	6	6	6	6	6	6	6	6	6	6	6	6	6	6	6	6	6	7	7	7	7	7	7	7	7	7	7	7	7	7	7	7	7	7	7	7	7	7	7	7	7	8	8	8	8	8	1	2	2	2	2	2	2	3	3	3	3
25 |	1	2	2	2	2	2	2	3	3	3	3	2	2	2	2	2	2	3	3	3	3	2	2	2	2	2	3	3	3	3	3	3	3	3	3	3	3	3	3	3	3	3	3	3	3	3	3	3	3	3	3	4	4	4	4	4	4	4	4	4	4	4	4	4	4	4	4	4	4	4	4	4	4	4	4	4	5	5	5	5	5	5	5	5	5	5	5	5	5	5	5	5	5	5	5	5	5	5	5	5	5	6	6	6	6	6	6	6	6	6	6	6	6	6	6	6	6	6	6	6	6	6	6	6	6	6	7	7	7	7	7	7	7	7	7	7	7	7	7	7	7	7	7	7	7	7	7	7	7	7	1	2	2	2	2	2	2	3	3	3	3
26 |	1	2	2	2	2	2	2	3	3	3	3	2	2	2	2	2	2	3	3	3	3	2	2	2	2	2	2	3	3	3	3	3	3	3	3	3	3	3	3	3	3	3	3	3	3	3	3	3	3	3	3	3	3	4	4	4	4	4	4	4	4	4	4	4	4	4	4	4	4	4	4	4	4	4	4	4	4	4	4	5	5	5	5	5	5	5	5	5	5	5	5	5	5	5	5	5	5	5	5	5	5	5	5	5	5	6	6	6	6	6	6	6	6	6	6	6	6	6	6	6	6	6	6	6	6	6	6	6	6	6	6	7	7	7	7	7	7	7	7	7	7	7	7	7	7	7	7	7	7	7	1	2	2	2	2	2	2	3	3	3	3
31 |	1	2	2	2	2	2	2	3	3	3	3	2	2	2	2	2	2	3	3	3	3	2	2	2	2	2	2	3	3	3	3	2	3	3	3	3	3	3	3	3	3	3	3	3	3	3	3	3	3	3	3	3	3	3	3	3	3	3	4	4	4	4	3	4	4	4	4	4	4	4	4	4	4	4	4	4	4	4	4	4	4	4	4	4	4	4	4	4	4	5	5	5	5	4	5	5	5	5	5	5	5	5	5	5	5	5	5	5	5	5	5	5	5	5	5	5	5	5	5	5	6	6	6	6	5	6	6	6	6	6	6	6	6	6	6	6	6	6	6	6	6	6	6	6	6	6	6	6	6	6	1	2	2	2	2	2	2	3	3	3	3
32 |	1	2	2	2	2	2	2	3	3	3	3	2	2	2	2	2	2	3	3	3	3	2	2	2	2	2	2	3	3	3	3	2	2	3	3	3	3	3	3	3	3	3	3	3	3	3	3	3	3	3	3	3	3	3	3	3	3	3	3	4	4	4	3	3	3	4	4	4	4	4	4	4	4	4	4	4	4	4	4	4	4	4	4	4	4	4	4	4	4	4	4	5	5	4	4	4	4	5	5	5	5	5	5	5	5	5	5	5	5	5	5	5	5	5	5	5	5	5	5	5	5	5	5	6	5	5	5	5	5	6	6	6	6	6	6	6	6	6	6	6	6	6	6	6	6	6	6	6	6	6	1	2	2	2	2	2	2	3	3	3	3
33 |	1	2	2	2	2	2	2	3	3	3	3	2	2	2	2	2	2	3	3	3	3	2	2	2	2	2	2	3	3	3	3	2	2	2	3	3	3	3	3	3	3	3	3	3	3	3	3	3	3	3	3	3	3	3	3	3	3	3	3	3	4	4	3	3	3	3	3	4	4	4	4	4	4	4	4	4	4	4	4	4	4	4	4	4	4	4	4	4	4	4	4	4	4	4	4	4	4	4	4	4	5	5	5	5	5	5	5	5	5	5	5	5	5	5	5	5	5	5	5	5	5	5	5	5	5	5	5	5	5	5	5	5	5	6	6	6	6	6	6	6	6	6	6	6	6	6	6	6	6	6	1	2	2	2	2	2	2	3	3	3	3
34 |	1	2	2	2	2	2	2	3	3	3	3	2	2	2	2	2	2	3	3	3	3	2	2	2	2	2	2	3	3	3	3	2	2	2	2	3	3	3	3	3	3	3	3	3	3	3	3	3	3	3	3	3	3	3	3	3	3	3	3	3	3	4	3	3	3	3	3	3	3	4	4	4	4	4	4	4	4	4	4	4	4	4	4	4	4	4	4	4	4	4	4	4	4	4	4	4	4	4	4	4	4	4	4	5	5	5	5	5	5	5	5	5	5	5	5	5	5	5	5	5	5	5	5	5	5	5	5	5	5	5	5	5	5	5	5	5	5	6	6	6	6	6	6	6	6	6	6	6	6	6	1	2	2	2	2	2	2	3	3	3	3
35 |	1	2	2	2	2	2	2	3	3	3	3	2	2	2	2	2	2	3	3	3	3	2	2	2	2	2	2	3	3	3	3	2	2	2	2	2	3	3	3	3	3	3	3	3	3	3	3	3	3	3	3	3	3	3	3	3	3	3	3	3	3	3	3	3	3	3	3	3	3	3	3	4	4	4	4	4	4	4	4	4	4	4	4	4	4	4	4	4	4	4	4	4	4	4	4	4	4	4	4	4	4	4	4	4	4	4	5	5	5	5	5	5	5	5	5	5	5	5	5	5	5	5	5	5	5	5	5	5	5	5	5	5	5	5	5	5	5	5	5	5	5	6	6	6	6	6	6	6	6	6	1	2	2	2	2	2	2	3	3	3	3
36 |	1	2	2	2	2	2	2	3	3	3	3	2	2	2	2	2	2	3	3	3	3	2	2	2	2	2	2	3	3	3	3	2	2	2	2	2	2	3	3	3	3	3	3	3	3	3	3	3	3	3	3	3	3	3	3	3	3	3	3	3	3	3	3	3	3	3	3	3	3	3	3	3	3	4	4	4	4	4	4	4	4	4	4	4	4	4	4	4	4	4	4	4	4	4	4	4	4	4	4	4	4	4	4	4	4	4	4	4	4	5	5	5	5	5	5	5	5	5	5	5	5	5	5	5	5	5	5	5	5	5	5	5	5	5	5	5	5	5	5	5	5	5	5	5	5	6	6	6	6	6	1	2	2	2	2	2	2	3	3	3	3
41 |	1	2	2	2	2	2	2	3	3	3	3	2	2	2	2	2	2	3	3	3	3	2	2	2	2	2	2	3	3	3	3	2	2	2	2	2	2	3	3	3	3	2	3	3	3	3	3	3	3	3	3	3	3	3	3	3	3	3	3	3	3	3	3	3	3	3	3	3	3	3	3	3	3	3	3	3	3	3	4	4	4	4	3	4	4	4	4	4	4	4	4	4	4	4	4	4	4	4	4	4	4	4	4	4	4	4	4	4	4	4	4	4	4	4	4	4	4	4	4	5	5	5	5	4	5	5	5	5	5	5	5	5	5	5	5	5	5	5	5	5	5	5	5	5	5	5	5	5	5	5	1	2	2	2	2	2	2	3	3	3	3
42 |	1	2	2	2	2	2	2	3	3	3	3	2	2	2	2	2	2	3	3	3	3	2	2	2	2	2	2	3	3	3	3	2	2	2	2	2	2	3	3	3	3	2	2	3	3	3	3	3	3	3	3	3	3	3	3	3	3	3	3	3	3	3	3	3	3	3	3	3	3	3	3	3	3	3	3	3	3	3	3	4	4	4	3	3	3	4	4	4	4	4	4	4	4	4	4	4	4	4	4	4	4	4	4	4	4	4	4	4	4	4	4	4	4	4	4	4	4	4	4	4	4	5	5	4	4	4	4	5	5	5	5	5	5	5	5	5	5	5	5	5	5	5	5	5	5	5	5	5	5	5	1	2	2	2	2	2	2	3	3	3	3
43 |	1	2	2	2	2	2	2	3	3	3	3	2	2	2	2	2	2	3	3	3	3	2	2	2	2	2	2	3	3	3	3	2	2	2	2	2	2	3	3	3	3	2	2	2	3	3	3	3	3	3	3	3	3	3	3	3	3	3	3	3	3	3	3	3	3	3	3	3	3	3	3	3	3	3	3	3	3	3	3	3	4	4	3	3	3	3	3	4	4	4	4	4	4	4	4	4	4	4	4	4	4	4	4	4	4	4	4	4	4	4	4	4	4	4	4	4	4	4	4	4	4	4	4	4	4	4	4	4	4	4	5	5	5	5	5	5	5	5	5	5	5	5	5	5	5	5	5	5	5	5	1	2	2	2	2	2	2	3	3	3	3
44 |	1	2	2	2	2	2	2	3	3	3	3	2	2	2	2	2	2	3	3	3	3	2	2	2	2	2	2	3	3	3	3	2	2	2	2	2	2	3	3	3	3	2	2	2	2	3	3	3	3	3	3	3	3	3	3	3	3	3	3	3	3	3	3	3	3	3	3	3	3	3	3	3	3	3	3	3	3	3	3	3	3	4	3	3	3	3	3	3	3	4	4	4	4	4	4	4	4	4	4	4	4	4	4	4	4	4	4	4	4	4	4	4	4	4	4	4	4	4	4	4	4	4	4	4	4	4	4	4	4	4	4	4	4	5	5	5	5	5	5	5	5	5	5	5	5	5	5	5	5	5	1	2	2	2	2	2	2	3	3	3	3
45 |	1	2	2	2	2	2	2	3	3	3	3	2	2	2	2	2	2	3	3	3	3	2	2	2	2	2	2	3	3	3	3	2	2	2	2	2	2	3	3	3	3	2	2	2	2	2	3	3	3	3	3	3	3	3	3	3	3	3	3	3	3	3	3	3	3	3	3	3	3	3	3	3	3	3	3	3	3	3	3	3	3	3	3	3	3	3	3	3	3	3	3	4	4	4	4	4	4	4	4	4	4	4	4	4	4	4	4	4	4	4	4	4	4	4	4	4	4	4	4	4	4	4	4	4	4	4	4	4	4	4	4	4	4	4	4	4	5	5	5	5	5	5	5	5	5	5	5	5	5	5	1	2	2	2	2	2	2	3	3	3	3
46 |	1	2	2	2	2	2	2	3	3	3	3	2	2	2	2	2	2	3	3	3	3	2	2	2	2	2	2	3	3	3	3	2	2	2	2	2	2	3	3	3	3	2	2	2	2	2	2	3	3	3	3	3	3	3	3	3	3	3	3	3	3	3	3	3	3	3	3	3	3	3	3	3	3	3	3	3	3	3	3	3	3	3	3	3	3	3	3	3	3	3	3	3	3	4	4	4	4	4	4	4	4	4	4	4	4	4	4	4	4	4	4	4	4	4	4	4	4	4	4	4	4	4	4	4	4	4	4	4	4	4	4	4	4	4	4	4	4	4	4	5	5	5	5	5	5	5	5	5	5	5	1	2	2	2	2	2	2	3	3	3	3
51 |	1	2	2	2	2	2	2	3	3	3	3	2	2	2	2	2	2	3	3	3	3	2	2	2	2	2	2	3	3	3	3	2	2	2	2	2	2	3	3	3	3	2	2	2	2	2	2	3	3	3	3	2	3	3	3	3	3	3	3	3	3	3	3	3	3	3	3	3	3	3	3	3	3	3	3	3	3	3	3	3	3	3	3	3	3	3	3	3	3	3	3	3	3	3	3	3	3	3	4	4	4	4	3	4	4	4	4	4	4	4	4	4	4	4	4	4	4	4	4	4	4	4	4	4	4	4	4	4	4	4	4	4	4	4	4	4	4	4	4	4	4	4	4	4	4	4	4	4	4	5	1	2	2	2	2	2	2	3	3	3	3
52 |	1	2	2	2	2	2	2	3	3	3	3	2	2	2	2	2	2	3	3	3	3	2	2	2	2	2	2	3	3	3	3	2	2	2	2	2	2	3	3	3	3	2	2	2	2	2	2	3	3	3	3	2	2	3	3	3	3	3	3	3	3	3	3	3	3	3	3	3	3	3	3	3	3	3	3	3	3	3	3	3	3	3	3	3	3	3	3	3	3	3	3	3	3	3	3	3	3	3	3	4	4	4	3	3	3	4	4	4	4	4	4	4	4	4	4	4	4	4	4	4	4	4	4	4	4	4	4	4	4	4	4	4	4	4	4	4	4	4	4	4	4	4	4	4	4	4	4	4	4	4	1	2	2	2	2	2	2	3	3	3	3
53 |	1	2	2	2	2	2	2	3	3	3	3	2	2	2	2	2	2	3	3	3	3	2	2	2	2	2	2	3	3	3	3	2	2	2	2	2	2	3	3	3	3	2	2	2	2	2	2	3	3	3	3	2	2	2	3	3	3	3	3	3	3	3	3	3	3	3	3	3	3	3	3	3	3	3	3	3	3	3	3	3	3	3	3	3	3	3	3	3	3	3	3	3	3	3	3	3	3	3	3	3	4	4	3	3	3	3	3	4	4	4	4	4	4	4	4	4	4	4	4	4	4	4	4	4	4	4	4	4	4	4	4	4	4	4	4	4	4	4	4	4	4	4	4	4	4	4	4	4	4	4	1	2	2	2	2	2	2	3	3	3	3
54 |	1	2	2	2	2	2	2	3	3	3	3	2	2	2	2	2	2	3	3	3	3	2	2	2	2	2	2	3	3	3	3	2	2	2	2	2	2	3	3	3	3	2	2	2	2	2	2	3	3	3	3	2	2	2	2	3	3	3	3	3	3	3	3	3	3	3	3	3	3	3	3	3	3	3	3	3	3	3	3	3	3	3	3	3	3	3	3	3	3	3	3	3	3	3	3	3	3	3	3	3	3	4	3	3	3	3	3	3	3	4	4	4	4	4	4	4	4	4	4	4	4	4	4	4	4	4	4	4	4	4	4	4	4	4	4	4	4	4	4	4	4	4	4	4	4	4	4	4	4	4	1	2	2	2	2	2	2	3	3	3	3
55 |	1	2	2	2	2	2	2	3	3	3	3	2	2	2	2	2	2	3	3	3	3	2	2	2	2	2	2	3	3	3	3	2	2	2	2	2	2	3	3	3	3	2	2	2	2	2	2	3	3	3	3	2	2	2	2	2	3	3	3	3	3	3	3	3	3	3	3	3	3	3	3	3	3	3	3	3	3	3	3	3	3	3	3	3	3	3	3	3	3	3	3	3	3	3	3	3	3	3	3	3	3	3	3	3	3	3	3	3	3	3	3	4	4	4	4	4	4	4	4	4	4	4	4	4	4	4	4	4	4	4	4	4	4	4	4	4	4	4	4	4	4	4	4	4	4	4	4	4	4	4	1	2	2	2	2	2	2	3	3	3	3
56 |	1	2	2	2	2	2	2	3	3	3	3	2	2	2	2	2	2	3	3	3	3	2	2	2	2	2	2	3	3	3	3	2	2	2	2	2	2	3	3	3	3	2	2	2	2	2	2	3	3	3	3	2	2	2	2	2	2	3	3	3	3	3	3	3	3	3	3	3	3	3	3	3	3	3	3	3	3	3	3	3	3	3	3	3	3	3	3	3	3	3	3	3	3	3	3	3	3	3	3	3	3	3	3	3	3	3	3	3	3	3	3	3	3	4	4	4	4	4	4	4	4	4	4	4	4	4	4	4	4	4	4	4	4	4	4	4	4	4	4	4	4	4	4	4	4	4	4	4	4	4	1	2	2	2	2	2	2	3	3	3	3
61 |	1	2	2	2	2	2	2	3	3	3	3	2	2	2	2	2	2	3	3	3	3	2	2	2	2	2	2	3	3	3	3	2	2	2	2	2	2	3	3	3	3	2	2	2	2	2	2	3	3	3	3	2	2	2	2	2	2	3	3	3	3	2	3	3	3	3	3	3	3	3	3	3	3	3	3	3	3	3	3	3	3	3	3	3	3	3	3	3	3	3	3	3	3	3	3	3	3	3	3	3	3	3	3	3	3	3	3	3	3	3	3	3	3	3	3	3	3	3	4	4	4	4	3	4	4	4	4	4	4	4	4	4	4	4	4	4	4	4	4	4	4	4	4	4	4	4	4	4	4	4	1	2	2	2	2	2	2	3	3	3	3
62 |	1	2	2	2	2	2	2	3	3	3	3	2	2	2	2	2	2	3	3	3	3	2	2	2	2	2	2	3	3	3	3	2	2	2	2	2	2	3	3	3	3	2	2	2	2	2	2	3	3	3	3	2	2	2	2	2	2	3	3	3	3	2	2	3	3	3	3	3	3	3	3	3	3	3	3	3	3	3	3	3	3	3	3	3	3	3	3	3	3	3	3	3	3	3	3	3	3	3	3	3	3	3	3	3	3	3	3	3	3	3	3	3	3	3	3	3	3	3	3	4	4	4	3	3	3	4	4	4	4	4	4	4	4	4	4	4	4	4	4	4	4	4	4	4	4	4	4	4	4	4	1	2	2	2	2	2	2	3	3	3	3
63 |	1	2	2	2	2	2	2	3	3	3	3	2	2	2	2	2	2	3	3	3	3	2	2	2	2	2	2	3	3	3	3	2	2	2	2	2	2	3	3	3	3	2	2	2	2	2	2	3	3	3	3	2	2	2	2	2	2	3	3	3	3	2	2	2	3	3	3	3	3	3	3	3	3	3	3	3	3	3	3	3	3	3	3	3	3	3	3	3	3	3	3	3	3	3	3	3	3	3	3	3	3	3	3	3	3	3	3	3	3	3	3	3	3	3	3	3	3	3	3	3	4	4	3	3	3	3	3	4	4	4	4	4	4	4	4	4	4	4	4	4	4	4	4	4	4	4	4	4	4	4	1	2	2	2	2	2	2	3	3	3	3
64 |	1	2	2	2	2	2	2	3	3	3	3	2	2	2	2	2	2	3	3	3	3	2	2	2	2	2	2	3	3	3	3	2	2	2	2	2	2	3	3	3	3	2	2	2	2	2	2	3	3	3	3	2	2	2	2	2	2	3	3	3	3	2	2	2	2	3	3	3	3	3	3	3	3	3	3	3	3	3	3	3	3	3	3	3	3	3	3	3	3	3	3	3	3	3	3	3	3	3	3	3	3	3	3	3	3	3	3	3	3	3	3	3	3	3	3	3	3	3	3	3	3	4	3	3	3	3	3	3	3	4	4	4	4	4	4	4	4	4	4	4	4	4	4	4	4	4	4	4	4	4	1	2	2	2	2	2	2	3	3	3	3
65 |	1	2	2	2	2	2	2	3	3	3	3	2	2	2	2	2	2	3	3	3	3	2	2	2	2	2	2	3	3	3	3	2	2	2	2	2	2	3	3	3	3	2	2	2	2	2	2	3	3	3	3	2	2	2	2	2	2	3	3	3	3	2	2	2	2	2	3	3	3	3	3	3	3	3	3	3	3	3	3	3	3	3	3	3	3	3	3	3	3	3	3	3	3	3	3	3	3	3	3	3	3	3	3	3	3	3	3	3	3	3	3	3	3	3	3	3	3	3	3	3	3	3	3	3	3	3	3	3	3	3	3	4	4	4	4	4	4	4	4	4	4	4	4	4	4	4	4	4	4	4	1	2	2	2	2	2	2	3	3	3	3
66 |	1	2	2	2	2	2	2	3	3	3	3	2	2	2	2	2	2	3	3	3	3	2	2	2	2	2	2	3	3	3	3	2	2	2	2	2	2	3	3	3	3	2	2	2	2	2	2	3	3	3	3	2	2	2	2	2	2	3	3	3	3	2	2	2	2	2	2	3	3	3	3	3	3	3	3	3	3	3	3	3	3	3	3	3	3	3	3	3	3	3	3	3	3	3	3	3	3	3	3	3	3	3	3	3	3	3	3	3	3	3	3	3	3	3	3	3	3	3	3	3	3	3	3	3	3	3	3	3	3	3	3	3	3	4	4	4	4	4	4	4	4	4	4	4	4	4	4	4	4	4	1	2	2	2	2	2	2	3	3	3	3
71 |	1	2	2	2	2	2	2	3	3	3	3	2	2	2	2	2	2	3	3	3	3	2	2	2	2	2	2	3	3	3	3	2	2	2	2	2	2	3	3	3	3	2	2	2	2	2	2	3	3	3	3	2	2	2	2	2	2	3	3	3	3	2	2	2	2	2	2	3	3	3	3	2	3	3	3	3	3	3	3	3	3	3	3	3	3	3	3	3	3	3	3	3	3	3	3	3	3	3	3	3	3	3	3	3	3	3	3	3	3	3	3	3	3	3	3	3	3	3	3	3	3	3	3	3	3	3	3	3	3	3	3	3	3	3	3	3	3	3	4	4	4	4	3	4	4	4	4	4	4	4	1	2	2	2	2	2	2	3	3	3	3
72 |	1	2	2	2	2	2	2	3	3	3	3	2	2	2	2	2	2	3	3	3	3	2	2	2	2	2	2	3	3	3	3	2	2	2	2	2	2	3	3	3	3	2	2	2	2	2	2	3	3	3	3	2	2	2	2	2	2	3	3	3	3	2	2	2	2	2	2	3	3	3	3	2	2	3	3	3	3	3	3	3	3	3	3	3	3	3	3	3	3	3	3	3	3	3	3	3	3	3	3	3	3	3	3	3	3	3	3	3	3	3	3	3	3	3	3	3	3	3	3	3	3	3	3	3	3	3	3	3	3	3	3	3	3	3	3	3	3	3	3	4	4	4	3	3	3	4	4	4	4	4	1	2	2	2	2	2	2	3	3	3	3
73 |	1	2	2	2	2	2	2	3	3	3	3	2	2	2	2	2	2	3	3	3	3	2	2	2	2	2	2	3	3	3	3	2	2	2	2	2	2	3	3	3	3	2	2	2	2	2	2	3	3	3	3	2	2	2	2	2	2	3	3	3	3	2	2	2	2	2	2	3	3	3	3	2	2	2	3	3	3	3	3	3	3	3	3	3	3	3	3	3	3	3	3	3	3	3	3	3	3	3	3	3	3	3	3	3	3	3	3	3	3	3	3	3	3	3	3	3	3	3	3	3	3	3	3	3	3	3	3	3	3	3	3	3	3	3	3	3	3	3	3	3	4	4	3	3	3	3	3	4	4	4	1	2	2	2	2	2	2	3	3	3	3
74 |	1	2	2	2	2	2	2	3	3	3	3	2	2	2	2	2	2	3	3	3	3	2	2	2	2	2	2	3	3	3	3	2	2	2	2	2	2	3	3	3	3	2	2	2	2	2	2	3	3	3	3	2	2	2	2	2	2	3	3	3	3	2	2	2	2	2	2	3	3	3	3	2	2	2	2	3	3	3	3	3	3	3	3	3	3	3	3	3	3	3	3	3	3	3	3	3	3	3	3	3	3	3	3	3	3	3	3	3	3	3	3	3	3	3	3	3	3	3	3	3	3	3	3	3	3	3	3	3	3	3	3	3	3	3	3	3	3	3	3	3	3	4	3	3	3	3	3	3	3	4	1	2	2	2	2	2	2	3	3	3	3
75 |	1	2	2	2	2	2	2	3	3	3	3	2	2	2	2	2	2	3	3	3	3	2	2	2	2	2	2	3	3	3	3	2	2	2	2	2	2	3	3	3	3	2	2	2	2	2	2	3	3	3	3	2	2	2	2	2	2	3	3	3	3	2	2	2	2	2	2	3	3	3	3	2	2	2	2	2	3	3	3	3	3	3	3	3	3	3	3	3	3	3	3	3	3	3	3	3	3	3	3	3	3	3	3	3	3	3	3	3	3	3	3	3	3	3	3	3	3	3	3	3	3	3	3	3	3	3	3	3	3	3	3	3	3	3	3	3	3	3	3	3	3	3	3	3	3	3	3	3	3	3	1	2	2	2	2	2	2	3	3	3	3
76 |	1	2	2	2	2	2	2	3	3	3	3	2	2	2	2	2	2	3	3	3	3	2	2	2	2	2	2	3	3	3	3	2	2	2	2	2	2	3	3	3	3	2	2	2	2	2	2	3	3	3	3	2	2	2	2	2	2	3	3	3	3	2	2	2	2	2	2	3	3	3	3	2	2	2	2	2	2	3	3	3	3	3	3	3	3	3	3	3	3	3	3	3	3	3	3	3	3	3	3	3	3	3	3	3	3	3	3	3	3	3	3	3	3	3	3	3	3	3	3	3	3	3	3	3	3	3	3	3	3	3	3	3	3	3	3	3	3	3	3	3	3	3	3	3	3	3	3	3	3	3	1	2	2	2	2	2	2	3	3	3	3
81 |	1	2	2	2	2	2	2	3	3	3	3	2	2	2	2	2	2	3	3	3	3	2	2	2	2	2	2	3	3	3	3	2	2	2	2	2	2	3	3	3	3	2	2	2	2	2	2	3	3	3	3	2	2	2	2	2	2	3	3	3	3	2	2	2	2	2	2	3	3	3	3	2	2	2	2	2	2	3	3	3	3	2	3	3	3	3	3	3	3	3	3	3	3	3	3	3	3	3	3	3	3	3	3	3	3	3	3	3	3	3	3	3	3	3	3	3	3	3	3	3	3	3	3	3	3	3	3	3	3	3	3	3	3	3	3	3	3	3	3	3	3	3	3	3	3	3	3	3	3	3	1	2	2	2	2	2	2	3	3	3	3
82 |	1	2	2	2	2	2	2	3	3	3	3	2	2	2	2	2	2	3	3	3	3	2	2	2	2	2	2	3	3	3	3	2	2	2	2	2	2	3	3	3	3	2	2	2	2	2	2	3	3	3	3	2	2	2	2	2	2	3	3	3	3	2	2	2	2	2	2	3	3	3	3	2	2	2	2	2	2	3	3	3	3	2	2	3	3	3	3	3	3	3	3	3	3	3	3	3	3	3	3	3	3	3	3	3	3	3	3	3	3	3	3	3	3	3	3	3	3	3	3	3	3	3	3	3	3	3	3	3	3	3	3	3	3	3	3	3	3	3	3	3	3	3	3	3	3	3	3	3	3	3	1	2	2	2	2	2	2	3	3	3	3
83 |	1	2	2	2	2	2	2	3	3	3	3	2	2	2	2	2	2	3	3	3	3	2	2	2	2	2	2	3	3	3	3	2	2	2	2	2	2	3	3	3	3	2	2	2	2	2	2	3	3	3	3	2	2	2	2	2	2	3	3	3	3	2	2	2	2	2	2	3	3	3	3	2	2	2	2	2	2	3	3	3	3	2	2	2	3	3	3	3	3	3	3	3	3	3	3	3	3	3	3	3	3	3	3	3	3	3	3	3	3	3	3	3	3	3	3	3	3	3	3	3	3	3	3	3	3	3	3	3	3	3	3	3	3	3	3	3	3	3	3	3	3	3	3	3	3	3	3	3	3	3	1	2	2	2	2	2	2	3	3	3	3
84 |	1	2	2	2	2	2	2	3	3	3	3	2	2	2	2	2	2	3	3	3	3	2	2	2	2	2	2	3	3	3	3	2	2	2	2	2	2	3	3	3	3	2	2	2	2	2	2	3	3	3	3	2	2	2	2	2	2	3	3	3	3	2	2	2	2	2	2	3	3	3	3	2	2	2	2	2	2	3	3	3	3	2	2	2	2	3	3	3	3	3	3	3	3	3	3	3	3	3	3	3	3	3	3	3	3	3	3	3	3	3	3	3	3	3	3	3	3	3	3	3	3	3	3	3	3	3	3	3	3	3	3	3	3	3	3	3	3	3	3	3	3	3	3	3	3	3	3	3	3	3	1	2	2	2	2	2	2	3	3	3	3
85 |	1	2	2	2	2	2	2	3	3	3	3	2	2	2	2	2	2	3	3	3	3	2	2	2	2	2	2	3	3	3	3	2	2	2	2	2	2	3	3	3	3	2	2	2	2	2	2	3	3	3	3	2	2	2	2	2	2	3	3	3	3	2	2	2	2	2	2	3	3	3	3	2	2	2	2	2	2	3	3	3	3	2	2	2	2	2	3	3	3	3	3	3	3	3	3	3	3	3	3	3	3	3	3	3	3	3	3	3	3	3	3	3	3	3	3	3	3	3	3	3	3	3	3	3	3	3	3	3	3	3	3	3	3	3	3	3	3	3	3	3	3	3	3	3	3	3	3	3	3	3	1	2	2	2	2	2	2	3	3	3	3
86 |	1	2	2	2	2	2	2	3	3	3	3	2	2	2	2	2	2	3	3	3	3	2	2	2	2	2	2	3	3	3	3	2	2	2	2	2	2	3	3	3	3	2	2	2	2	2	2	3	3	3	3	2	2	2	2	2	2	3	3	3	3	2	2	2	2	2	2	3	3	3	3	2	2	2	2	2	2	3	3	3	3	2	2	2	2	2	2	3	3	3	3	3	3	3	3	3	3	3	3	3	3	3	3	3	3	3	3	3	3	3	3	3	3	3	3	3	3	3	3	3	3	3	3	3	3	3	3	3	3	3	3	3	3	3	3	3	3	3	3	3	3	3	3	3	3	3	3	3	3	3	1	2	2	2	2	2	2	3	3	3	3
91 |	1	2	2	2	2	2	2	3	3	3	3	2	2	2	2	2	2	3	3	3	3	2	2	2	2	2	2	3	3	3	3	2	2	2	2	2	2	3	3	3	3	2	2	2	2	2	2	3	3	3	3	2	2	2	2	2	2	3	3	3	3	2	2	2	2	2	2	3	3	3	3	2	2	2	2	2	2	3	3	3	3	2	2	2	2	2	2	3	3	3	3	2	3	3	3	3	3	3	3	3	3	3	3	3	3	3	3	3	3	3	3	3	3	3	3	3	3	3	3	3	3	3	3	3	3	3	3	3	3	3	3	3	3	3	3	3	3	3	3	3	3	3	3	3	3	3	3	3	3	3	1	2	2	2	2	2	2	3	3	3	3
92 |	1	2	2	2	2	2	2	3	3	3	3	2	2	2	2	2	2	3	3	3	3	2	2	2	2	2	2	3	3	3	3	2	2	2	2	2	2	3	3	3	3	2	2	2	2	2	2	3	3	3	3	2	2	2	2	2	2	3	3	3	3	2	2	2	2	2	2	3	3	3	3	2	2	2	2	2	2	3	3	3	3	2	2	2	2	2	2	3	3	3	3	2	2	3	3	3	3	3	3	3	3	3	3	3	3	3	3	3	3	3	3	3	3	3	3	3	3	3	3	3	3	3	3	3	3	3	3	3	3	3	3	3	3	3	3	3	3	3	3	3	3	3	3	3	3	3	3	3	3	3	1	2	2	2	2	2	2	3	3	3	3
93 |	1	2	2	2	2	2	2	3	3	3	3	2	2	2	2	2	2	3	3	3	3	2	2	2	2	2	2	3	3	3	3	2	2	2	2	2	2	3	3	3	3	2	2	2	2	2	2	3	3	3	3	2	2	2	2	2	2	3	3	3	3	2	2	2	2	2	2	3	3	3	3	2	2	2	2	2	2	3	3	3	3	2	2	2	2	2	2	3	3	3	3	2	2	2	3	3	3	3	3	3	3	3	3	3	3	3	3	3	3	3	3	3	3	3	3	3	3	3	3	3	3	3	3	3	3	3	3	3	3	3	3	3	3	3	3	3	3	3	3	3	3	3	3	3	3	3	3	3	3	3	1	2	2	2	2	2	2	3	3	3	3
94 |	1	2	2	2	2	2	2	3	3	3	3	2	2	2	2	2	2	3	3	3	3	2	2	2	2	2	2	3	3	3	3	2	2	2	2	2	2	3	3	3	3	2	2	2	2	2	2	3	3	3	3	2	2	2	2	2	2	3	3	3	3	2	2	2	2	2	2	3	3	3	3	2	2	2	2	2	2	3	3	3	3	2	2	2	2	2	2	3	3	3	3	2	2	2	2	3	3	3	3	3	3	3	3	3	3	3	3	3	3	3	3	3	3	3	3	3	3	3	3	3	3	3	3	3	3	3	3	3	3	3	3	3	3	3	3	3	3	3	3	3	3	3	3	3	3	3	3	3	3	3	1	2	2	2	2	2	2	3	3	3	3
95 |	1	2	2	2	2	2	2	3	3	3	3	2	2	2	2	2	2	3	3	3	3	2	2	2	2	2	2	3	3	3	3	2	2	2	2	2	2	3	3	3	3	2	2	2	2	2	2	3	3	3	3	2	2	2	2	2	2	3	3	3	3	2	2	2	2	2	2	3	3	3	3	2	2	2	2	2	2	3	3	3	3	2	2	2	2	2	2	3	3	3	3	2	2	2	2	2	3	3	3	3	3	3	3	3	3	3	3	3	3	3	3	3	3	3	3	3	3	3	3	3	3	3	3	3	3	3	3	3	3	3	3	3	3	3	3	3	3	3	3	3	3	3	3	3	3	3	3	3	3	3	1	2	2	2	2	2	2	3	3	3	3
96 |	1	2	2	2	2	2	2	3	3	3	3	2	2	2	2	2	2	3	3	3	3	2	2	2	2	2	2	3	3	3	3	2	2	2	2	2	2	3	3	3	3	2	2	2	2	2	2	3	3	3	3	2	2	2	2	2	2	3	3	3	3	2	2	2	2	2	2	3	3	3	3	2	2	2	2	2	2	3	3	3	3	2	2	2	2	2	2	3	3	3	3	2	2	2	2	2	2	3	3	3	3	3	3	3	3	3	3	3	3	3	3	3	3	3	3	3	3	3	3	3	3	3	3	3	3	3	3	3	3	3	3	3	3	3	3	3	3	3	3	3	3	3	3	3	3	3	3	3	3	3	1	2	2	2	2	2	2	3	3	3	3
101 |	1	2	2	2	2	2	2	3	3	3	3	2	2	2	2	2	2	3	3	3	3	2	2	2	2	2	2	3	3	3	3	2	2	2	2	2	2	3	3	3	3	2	2	2	2	2	2	3	3	3	3	2	2	2	2	2	2	3	3	3	3	2	2	2	2	2	2	3	3	3	3	2	2	2	2	2	2	3	3	3	3	2	2	2	2	2	2	3	3	3	3	2	2	2	2	2	2	3	3	3	3	2	3	3	3	3	3	3	3	3	3	3	3	3	3	3	3	3	3	3	3	3	3	3	3	3	3	3	3	3	3	3	3	3	3	3	3	3	3	3	3	3	3	3	3	3	3	3	3	3	1	2	2	2	2	2	2	3	3	3	3
102 |	1	2	2	2	2	2	2	3	3	3	3	2	2	2	2	2	2	3	3	3	3	2	2	2	2	2	2	3	3	3	3	2	2	2	2	2	2	3	3	3	3	2	2	2	2	2	2	3	3	3	3	2	2	2	2	2	2	3	3	3	3	2	2	2	2	2	2	3	3	3	3	2	2	2	2	2	2	3	3	3	3	2	2	2	2	2	2	3	3	3	3	2	2	2	2	2	2	3	3	3	3	2	2	3	3	3	3	3	3	3	3	3	3	3	3	3	3	3	3	3	3	3	3	3	3	3	3	3	3	3	3	3	3	3	3	3	3	3	3	3	3	3	3	3	3	3	3	3	3	3	1	2	2	2	2	2	2	3	3	3	3
103 |	1	2	2	2	2	2	2	3	3	3	3	2	2	2	2	2	2	3	3	3	3	2	2	2	2	2	2	3	3	3	3	2	2	2	2	2	2	3	3	3	3	2	2	2	2	2	2	3	3	3	3	2	2	2	2	2	2	3	3	3	3	2	2	2	2	2	2	3	3	3	3	2	2	2	2	2	2	3	3	3	3	2	2	2	2	2	2	3	3	3	3	2	2	2	2	2	2	3	3	3	3	2	2	2	3	3	3	3	3	3	3	3	3	3	3	3	3	3	3	3	3	3	3	3	3	3	3	3	3	3	3	3	3	3	3	3	3	3	3	3	3	3	3	3	3	3	3	3	3	3	1	2	2	2	2	2	2	3	3	3	3
104 |	1	2	2	2	2	2	2	3	3	3	3	2	2	2	2	2	2	3	3	3	3	2	2	2	2	2	2	3	3	3	3	2	2	2	2	2	2	3	3	3	3	2	2	2	2	2	2	3	3	3	3	2	2	2	2	2	2	3	3	3	3	2	2	2	2	2	2	3	3	3	3	2	2	2	2	2	2	3	3	3	3	2	2	2	2	2	2	3	3	3	3	2	2	2	2	2	2	3	3	3	3	2	2	2	2	3	3	3	3	3	3	3	3	3	3	3	3	3	3	3	3	3	3	3	3	3	3	3	3	3	3	3	3	3	3	3	3	3	3	3	3	3	3	3	3	3	3	3	3	3	1	2	2	2	2	2	2	3	3	3	3
105 |	1	2	2	2	2	2	2	3	3	3	3	2	2	2	2	2	2	3	3	3	3	2	2	2	2	2	2	3	3	3	3	2	2	2	2	2	2	3	3	3	3	2	2	2	2	2	2	3	3	3	3	2	2	2	2	2	2	3	3	3	3	2	2	2	2	2	2	3	3	3	3	2	2	2	2	2	2	3	3	3	3	2	2	2	2	2	2	3	3	3	3	2	2	2	2	2	2	3	3	3	3	2	2	2	2	2	3	3	3	3	3	3	3	3	3	3	3	3	3	3	3	3	3	3	3	3	3	3	3	3	3	3	3	3	3	3	3	3	3	3	3	3	3	3	3	3	3	3	3	3	1	2	2	2	2	2	2	3	3	3	3
106 |	1	2	2	2	2	2	2	3	3	3	3	2	2	2	2	2	2	3	3	3	3	2	2	2	2	2	2	3	3	3	3	2	2	2	2	2	2	3	3	3	3	2	2	2	2	2	2	3	3	3	3	2	2	2	2	2	2	3	3	3	3	2	2	2	2	2	2	3	3	3	3	2	2	2	2	2	2	3	3	3	3	2	2	2	2	2	2	3	3	3	3	2	2	2	2	2	2	3	3	3	3	2	2	2	2	2	2	3	3	3	3	3	3	3	3	3	3	3	3	3	3	3	3	3	3	3	3	3	3	3	3	3	3	3	3	3	3	3	3	3	3	3	3	3	3	3	3	3	3	3	1	2	2	2	2	2	2	3	3	3	3
111 |	1	2	2	2	2	2	2	3	3	3	3	2	2	2	2	2	2	3	3	3	3	2	2	2	2	2	2	3	3	3	3	2	2	2	2	2	2	3	3	3	3	2	2	2	2	2	2	3	3	3	3	2	2	2	2	2	2	3	3	3	3	2	2	2	2	2	2	3	3	3	3	2	2	2	2	2	2	3	3	3	3	2	2	2	2	2	2	3	3	3	3	2	2	2	2	2	2	3	3	3	3	2	2	2	2	2	2	3	3	3	3	2	3	3	3	3	3	3	3	3	3	3	3	3	3	3	3	3	3	3	3	3	3	3	3	3	3	3	3	3	3	3	3	3	3	3	3	3	3	3	1	2	2	2	2	2	2	3	3	3	3
112 |	1	2	2	2	2	2	2	3	3	3	3	2	2	2	2	2	2	3	3	3	3	2	2	2	2	2	2	3	3	3	3	2	2	2	2	2	2	3	3	3	3	2	2	2	2	2	2	3	3	3	3	2	2	2	2	2	2	3	3	3	3	2	2	2	2	2	2	3	3	3	3	2	2	2	2	2	2	3	3	3	3	2	2	2	2	2	2	3	3	3	3	2	2	2	2	2	2	3	3	3	3	2	2	2	2	2	2	3	3	3	3	2	2	3	3	3	3	3	3	3	3	3	3	3	3	3	3	3	3	3	3	3	3	3	3	3	3	3	3	3	3	3	3	3	3	3	3	3	3	3	1	2	2	2	2	2	2	3	3	3	3
113 |	1	2	2	2	2	2	2	3	3	3	3	2	2	2	2	2	2	3	3	3	3	2	2	2	2	2	2	3	3	3	3	2	2	2	2	2	2	3	3	3	3	2	2	2	2	2	2	3	3	3	3	2	2	2	2	2	2	3	3	3	3	2	2	2	2	2	2	3	3	3	3	2	2	2	2	2	2	3	3	3	3	2	2	2	2	2	2	3	3	3	3	2	2	2	2	2	2	3	3	3	3	2	2	2	2	2	2	3	3	3	3	2	2	2	3	3	3	3	3	3	3	3	3	3	3	3	3	3	3	3	3	3	3	3	3	3	3	3	3	3	3	3	3	3	3	3	3	3	3	3	1	2	2	2	2	2	2	3	3	3	3
114 |	1	2	2	2	2	2	2	3	3	3	3	2	2	2	2	2	2	3	3	3	3	2	2	2	2	2	2	3	3	3	3	2	2	2	2	2	2	3	3	3	3	2	2	2	2	2	2	3	3	3	3	2	2	2	2	2	2	3	3	3	3	2	2	2	2	2	2	3	3	3	3	2	2	2	2	2	2	3	3	3	3	2	2	2	2	2	2	3	3	3	3	2	2	2	2	2	2	3	3	3	3	2	2	2	2	2	2	3	3	3	3	2	2	2	2	3	3	3	3	3	3	3	3	3	3	3	3	3	3	3	3	3	3	3	3	3	3	3	3	3	3	3	3	3	3	3	3	3	3	3	1	2	2	2	2	2	2	3	3	3	3
115 |	1	2	2	2	2	2	2	3	3	3	3	2	2	2	2	2	2	3	3	3	3	2	2	2	2	2	2	3	3	3	3	2	2	2	2	2	2	3	3	3	3	2	2	2	2	2	2	3	3	3	3	2	2	2	2	2	2	3	3	3	3	2	2	2	2	2	2	3	3	3	3	2	2	2	2	2	2	3	3	3	3	2	2	2	2	2	2	3	3	3	3	2	2	2	2	2	2	3	3	3	3	2	2	2	2	2	2	3	3	3	3	2	2	2	2	2	3	3	3	3	3	3	3	3	3	3	3	3	3	3	3	3	3	3	3	3	3	3	3	3	3	3	3	3	3	3	3	3	3	3	1	2	2	2	2	2	2	3	3	3	3
116 |	1	2	2	2	2	2	2	3	3	3	3	2	2	2	2	2	2	3	3	3	3	2	2	2	2	2	2	3	3	3	3	2	2	2	2	2	2	3	3	3	3	2	2	2	2	2	2	3	3	3	3	2	2	2	2	2	2	3	3	3	3	2	2	2	2	2	2	3	3	3	3	2	2	2	2	2	2	3	3	3	3	2	2	2	2	2	2	3	3	3	3	2	2	2	2	2	2	3	3	3	3	2	2	2	2	2	2	3	3	3	3	2	2	2	2	2	2	3	3	3	3	3	3	3	3	3	3	3	3	3	3	3	3	3	3	3	3	3	3	3	3	3	3	3	3	3	3	3	3	3	1	2	2	2	2	2	2	3	3	3	3
121 |	1	2	2	2	2	2	2	3	3	3	3	2	2	2	2	2	2	3	3	3	3	2	2	2	2	2	2	3	3	3	3	2	2	2	2	2	2	3	3	3	3	2	2	2	2	2	2	3	3	3	3	2	2	2	2	2	2	3	3	3	3	2	2	2	2	2	2	3	3	3	3	2	2	2	2	2	2	3	3	3	3	2	2	2	2	2	2	3	3	3	3	2	2	2	2	2	2	3	3	3	3	2	2	2	2	2	2	3	3	3	3	2	2	2	2	2	2	3	3	3	3	2	3	3	3	3	3	3	3	3	3	3	3	3	3	3	3	3	3	3	3	3	3	3	3	3	3	3	3	3	1	2	2	2	2	2	2	3	3	3	3
122 |	1	2	2	2	2	2	2	3	3	3	3	2	2	2	2	2	2	3	3	3	3	2	2	2	2	2	2	3	3	3	3	2	2	2	2	2	2	3	3	3	3	2	2	2	2	2	2	3	3	3	3	2	2	2	2	2	2	3	3	3	3	2	2	2	2	2	2	3	3	3	3	2	2	2	2	2	2	3	3	3	3	2	2	2	2	2	2	3	3	3	3	2	2	2	2	2	2	3	3	3	3	2	2	2	2	2	2	3	3	3	3	2	2	2	2	2	2	3	3	3	3	2	2	3	3	3	3	3	3	3	3	3	3	3	3	3	3	3	3	3	3	3	3	3	3	3	3	3	3	3	1	2	2	2	2	2	2	3	3	3	3
123 |	1	2	2	2	2	2	2	3	3	3	3	2	2	2	2	2	2	3	3	3	3	2	2	2	2	2	2	3	3	3	3	2	2	2	2	2	2	3	3	3	3	2	2	2	2	2	2	3	3	3	3	2	2	2	2	2	2	3	3	3	3	2	2	2	2	2	2	3	3	3	3	2	2	2	2	2	2	3	3	3	3	2	2	2	2	2	2	3	3	3	3	2	2	2	2	2	2	3	3	3	3	2	2	2	2	2	2	3	3	3	3	2	2	2	2	2	2	3	3	3	3	2	2	2	3	3	3	3	3	3	3	3	3	3	3	3	3	3	3	3	3	3	3	3	3	3	3	3	3	3	1	2	2	2	2	2	2	3	3	3	3
124 |	1	2	2	2	2	2	2	3	3	3	3	2	2	2	2	2	2	3	3	3	3	2	2	2	2	2	2	3	3	3	3	2	2	2	2	2	2	3	3	3	3	2	2	2	2	2	2	3	3	3	3	2	2	2	2	2	2	3	3	3	3	2	2	2	2	2	2	3	3	3	3	2	2	2	2	2	2	3	3	3	3	2	2	2	2	2	2	3	3	3	3	2	2	2	2	2	2	3	3	3	3	2	2	2	2	2	2	3	3	3	3	2	2	2	2	2	2	3	3	3	3	2	2	2	2	3	3	3	3	3	3	3	3	3	3	3	3	3	3	3	3	3	3	3	3	3	3	3	3	3	1	2	2	2	2	2	2	3	3	3	3
125 |	1	2	2	2	2	2	2	3	3	3	3	2	2	2	2	2	2	3	3	3	3	2	2	2	2	2	2	3	3	3	3	2	2	2	2	2	2	3	3	3	3	2	2	2	2	2	2	3	3	3	3	2	2	2	2	2	2	3	3	3	3	2	2	2	2	2	2	3	3	3	3	2	2	2	2	2	2	3	3	3	3	2	2	2	2	2	2	3	3	3	3	2	2	2	2	2	2	3	3	3	3	2	2	2	2	2	2	3	3	3	3	2	2	2	2	2	2	3	3	3	3	2	2	2	2	2	3	3	3	3	3	3	3	3	3	3	3	3	3	3	3	3	3	3	3	3	3	3	3	3	1	2	2	2	2	2	2	3	3	3	3
126 |	1	2	2	2	2	2	2	3	3	3	3	2	2	2	2	2	2	3	3	3	3	2	2	2	2	2	2	3	3	3	3	2	2	2	2	2	2	3	3	3	3	2	2	2	2	2	2	3	3	3	3	2	2	2	2	2	2	3	3	3	3	2	2	2	2	2	2	3	3	3	3	2	2	2	2	2	2	3	3	3	3	2	2	2	2	2	2	3	3	3	3	2	2	2	2	2	2	3	3	3	3	2	2	2	2	2	2	3	3	3	3	2	2	2	2	2	2	3	3	3	3	2	2	2	2	2	2	3	3	3	3	3	3	3	3	3	3	3	3	3	3	3	3	3	3	3	3	3	3	3	1	2	2	2	2	2	2	3	3	3	3
131 |	1	2	2	2	2	2	2	3	3	3	3	2	2	2	2	2	2	3	3	3	3	2	2	2	2	2	2	3	3	3	3	2	2	2	2	2	2	3	3	3	3	2	2	2	2	2	2	3	3	3	3	2	2	2	2	2	2	3	3	3	3	2	2	2	2	2	2	3	3	3	3	2	2	2	2	2	2	3	3	3	3	2	2	2	2	2	2	3	3	3	3	2	2	2	2	2	2	3	3	3	3	2	2	2	2	2	2	3	3	3	3	2	2	2	2	2	2	3	3	3	3	2	2	2	2	2	2	3	3	3	3	2	3	3	3	3	3	3	3	3	3	3	3	3	3	3	3	3	3	3	1	2	2	2	2	2	2	3	3	3	3
132 |	1	2	2	2	2	2	2	3	3	3	3	2	2	2	2	2	2	3	3	3	3	2	2	2	2	2	2	3	3	3	3	2	2	2	2	2	2	3	3	3	3	2	2	2	2	2	2	3	3	3	3	2	2	2	2	2	2	3	3	3	3	2	2	2	2	2	2	3	3	3	3	2	2	2	2	2	2	3	3	3	3	2	2	2	2	2	2	3	3	3	3	2	2	2	2	2	2	3	3	3	3	2	2	2	2	2	2	3	3	3	3	2	2	2	2	2	2	3	3	3	3	2	2	2	2	2	2	3	3	3	3	2	2	3	3	3	3	3	3	3	3	3	3	3	3	3	3	3	3	3	1	2	2	2	2	2	2	3	3	3	3
133 |	1	2	2	2	2	2	2	3	3	3	3	2	2	2	2	2	2	3	3	3	3	2	2	2	2	2	2	3	3	3	3	2	2	2	2	2	2	3	3	3	3	2	2	2	2	2	2	3	3	3	3	2	2	2	2	2	2	3	3	3	3	2	2	2	2	2	2	3	3	3	3	2	2	2	2	2	2	3	3	3	3	2	2	2	2	2	2	3	3	3	3	2	2	2	2	2	2	3	3	3	3	2	2	2	2	2	2	3	3	3	3	2	2	2	2	2	2	3	3	3	3	2	2	2	2	2	2	3	3	3	3	2	2	2	3	3	3	3	3	3	3	3	3	3	3	3	3	3	3	3	1	2	2	2	2	2	2	3	3	3	3
134 |	1	2	2	2	2	2	2	3	3	3	3	2	2	2	2	2	2	3	3	3	3	2	2	2	2	2	2	3	3	3	3	2	2	2	2	2	2	3	3	3	3	2	2	2	2	2	2	3	3	3	3	2	2	2	2	2	2	3	3	3	3	2	2	2	2	2	2	3	3	3	3	2	2	2	2	2	2	3	3	3	3	2	2	2	2	2	2	3	3	3	3	2	2	2	2	2	2	3	3	3	3	2	2	2	2	2	2	3	3	3	3	2	2	2	2	2	2	3	3	3	3	2	2	2	2	2	2	3	3	3	3	2	2	2	2	3	3	3	3	3	3	3	3	3	3	3	3	3	3	3	1	2	2	2	2	2	2	3	3	3	3
135 |	1	2	2	2	2	2	2	3	3	3	3	2	2	2	2	2	2	3	3	3	3	2	2	2	2	2	2	3	3	3	3	2	2	2	2	2	2	3	3	3	3	2	2	2	2	2	2	3	3	3	3	2	2	2	2	2	2	3	3	3	3	2	2	2	2	2	2	3	3	3	3	2	2	2	2	2	2	3	3	3	3	2	2	2	2	2	2	3	3	3	3	2	2	2	2	2	2	3	3	3	3	2	2	2	2	2	2	3	3	3	3	2	2	2	2	2	2	3	3	3	3	2	2	2	2	2	2	3	3	3	3	2	2	2	2	2	3	3	3	3	3	3	3	3	3	3	3	3	3	3	1	2	2	2	2	2	2	3	3	3	3
136 |	1	2	2	2	2	2	2	3	3	3	3	2	2	2	2	2	2	3	3	3	3	2	2	2	2	2	2	3	3	3	3	2	2	2	2	2	2	3	3	3	3	2	2	2	2	2	2	3	3	3	3	2	2	2	2	2	2	3	3	3	3	2	2	2	2	2	2	3	3	3	3	2	2	2	2	2	2	3	3	3	3	2	2	2	2	2	2	3	3	3	3	2	2	2	2	2	2	3	3	3	3	2	2	2	2	2	2	3	3	3	3	2	2	2	2	2	2	3	3	3	3	2	2	2	2	2	2	3	3	3	3	2	2	2	2	2	2	3	3	3	3	3	3	3	3	3	3	3	3	3	1	2	2	2	2	2	2	3	3	3	3
141 |	1	2	2	2	2	2	2	3	3	3	3	2	2	2	2	2	2	3	3	3	3	2	2	2	2	2	2	3	3	3	3	2	2	2	2	2	2	3	3	3	3	2	2	2	2	2	2	3	3	3	3	2	2	2	2	2	2	3	3	3	3	2	2	2	2	2	2	3	3	3	3	2	2	2	2	2	2	3	3	3	3	2	2	2	2	2	2	3	3	3	3	2	2	2	2	2	2	3	3	3	3	2	2	2	2	2	2	3	3	3	3	2	2	2	2	2	2	3	3	3	3	2	2	2	2	2	2	3	3	3	3	2	2	2	2	2	2	3	3	3	3	2	3	3	3	3	3	3	3	3	1	2	2	2	2	2	2	3	3	3	3
142 |	1	2	2	2	2	2	2	3	3	3	3	2	2	2	2	2	2	3	3	3	3	2	2	2	2	2	2	3	3	3	3	2	2	2	2	2	2	3	3	3	3	2	2	2	2	2	2	3	3	3	3	2	2	2	2	2	2	3	3	3	3	2	2	2	2	2	2	3	3	3	3	2	2	2	2	2	2	3	3	3	3	2	2	2	2	2	2	3	3	3	3	2	2	2	2	2	2	3	3	3	3	2	2	2	2	2	2	3	3	3	3	2	2	2	2	2	2	3	3	3	3	2	2	2	2	2	2	3	3	3	3	2	2	2	2	2	2	3	3	3	3	2	2	3	3	3	3	3	3	3	1	2	2	2	2	2	2	3	3	3	3
143 |	1	2	2	2	2	2	2	3	3	3	3	2	2	2	2	2	2	3	3	3	3	2	2	2	2	2	2	3	3	3	3	2	2	2	2	2	2	3	3	3	3	2	2	2	2	2	2	3	3	3	3	2	2	2	2	2	2	3	3	3	3	2	2	2	2	2	2	3	3	3	3	2	2	2	2	2	2	3	3	3	3	2	2	2	2	2	2	3	3	3	3	2	2	2	2	2	2	3	3	3	3	2	2	2	2	2	2	3	3	3	3	2	2	2	2	2	2	3	3	3	3	2	2	2	2	2	2	3	3	3	3	2	2	2	2	2	2	3	3	3	3	2	2	2	3	3	3	3	3	3	1	2	2	2	2	2	2	3	3	3	3
144 |	1	2	2	2	2	2	2	3	3	3	3	2	2	2	2	2	2	3	3	3	3	2	2	2	2	2	2	3	3	3	3	2	2	2	2	2	2	3	3	3	3	2	2	2	2	2	2	3	3	3	3	2	2	2	2	2	2	3	3	3	3	2	2	2	2	2	2	3	3	3	3	2	2	2	2	2	2	3	3	3	3	2	2	2	2	2	2	3	3	3	3	2	2	2	2	2	2	3	3	3	3	2	2	2	2	2	2	3	3	3	3	2	2	2	2	2	2	3	3	3	3	2	2	2	2	2	2	3	3	3	3	2	2	2	2	2	2	3	3	3	3	2	2	2	2	3	3	3	3	3	1	2	2	2	2	2	2	3	3	3	3
145 |	1	2	2	2	2	2	2	3	3	3	3	2	2	2	2	2	2	3	3	3	3	2	2	2	2	2	2	3	3	3	3	2	2	2	2	2	2	3	3	3	3	2	2	2	2	2	2	3	3	3	3	2	2	2	2	2	2	3	3	3	3	2	2	2	2	2	2	3	3	3	3	2	2	2	2	2	2	3	3	3	3	2	2	2	2	2	2	3	3	3	3	2	2	2	2	2	2	3	3	3	3	2	2	2	2	2	2	3	3	3	3	2	2	2	2	2	2	3	3	3	3	2	2	2	2	2	2	3	3	3	3	2	2	2	2	2	2	3	3	3	3	2	2	2	2	2	3	3	3	3	1	2	2	2	2	2	2	3	3	3	3
146 |	1	2	2	2	2	2	2	3	3	3	3	2	2	2	2	2	2	3	3	3	3	2	2	2	2	2	2	3	3	3	3	2	2	2	2	2	2	3	3	3	3	2	2	2	2	2	2	3	3	3	3	2	2	2	2	2	2	3	3	3	3	2	2	2	2	2	2	3	3	3	3	2	2	2	2	2	2	3	3	3	3	2	2	2	2	2	2	3	3	3	3	2	2	2	2	2	2	3	3	3	3	2	2	2	2	2	2	3	3	3	3	2	2	2	2	2	2	3	3	3	3	2	2	2	2	2	2	3	3	3	3	2	2	2	2	2	2	3	3	3	3	2	2	2	2	2	2	3	3	3	1	2	2	2	2	2	2	3	3	3	3
151 |	1	2	2	2	2	2	2	3	3	3	3	2	2	2	2	2	2	3	3	3	3	2	2	2	2	2	2	3	3	3	3	2	2	2	2	2	2	3	3	3	3	2	2	2	2	2	2	3	3	3	3	2	2	2	2	2	2	3	3	3	3	2	2	2	2	2	2	3	3	3	3	2	2	2	2	2	2	3	3	3	3	2	2	2	2	2	2	3	3	3	3	2	2	2	2	2	2	3	3	3	3	2	2	2	2	2	2	3	3	3	3	2	2	2	2	2	2	3	3	3	3	2	2	2	2	2	2	3	3	3	3	2	2	2	2	2	2	3	3	3	3	2	2	2	2	2	2	3	3	3	1	2	2	2	2	2	2	3	3	3	3
152 |	1	2	2	2	2	2	2	3	3	3	3	2	2	2	2	2	2	3	3	3	3	2	2	2	2	2	2	3	3	3	3	2	2	2	2	2	2	3	3	3	3	2	2	2	2	2	2	3	3	3	3	2	2	2	2	2	2	3	3	3	3	2	2	2	2	2	2	3	3	3	3	2	2	2	2	2	2	3	3	3	3	2	2	2	2	2	2	3	3	3	3	2	2	2	2	2	2	3	3	3	3	2	2	2	2	2	2	3	3	3	3	2	2	2	2	2	2	3	3	3	3	2	2	2	2	2	2	3	3	3	3	2	2	2	2	2	2	3	3	3	3	2	2	2	2	2	2	3	3	3	1	2	2	2	2	2	2	3	3	3	3
153 |	1	2	2	2	2	2	2	3	3	3	3	2	2	2	2	2	2	3	3	3	3	2	2	2	2	2	2	3	3	3	3	2	2	2	2	2	2	3	3	3	3	2	2	2	2	2	2	3	3	3	3	2	2	2	2	2	2	3	3	3	3	2	2	2	2	2	2	3	3	3	3	2	2	2	2	2	2	3	3	3	3	2	2	2	2	2	2	3	3	3	3	2	2	2	2	2	2	3	3	3	3	2	2	2	2	2	2	3	3	3	3	2	2	2	2	2	2	3	3	3	3	2	2	2	2	2	2	3	3	3	3	2	2	2	2	2	2	3	3	3	3	2	2	2	2	2	2	3	3	3	1	2	2	2	2	2	2	3	3	3	3
154 |	1	2	2	2	2	2	2	3	3	3	3	2	2	2	2	2	2	3	3	3	3	2	2	2	2	2	2	3	3	3	3	2	2	2	2	2	2	3	3	3	3	2	2	2	2	2	2	3	3	3	3	2	2	2	2	2	2	3	3	3	3	2	2	2	2	2	2	3	3	3	3	2	2	2	2	2	2	3	3	3	3	2	2	2	2	2	2	3	3	3	3	2	2	2	2	2	2	3	3	3	3	2	2	2	2	2	2	3	3	3	3	2	2	2	2	2	2	3	3	3	3	2	2	2	2	2	2	3	3	3	3	2	2	2	2	2	2	3	3	3	3	2	2	2	2	2	2	3	3	3	1	2	2	2	2	2	2	3	3	3	3
155 |	1	2	2	2	2	2	2	3	3	3	3	2	2	2	2	2	2	3	3	3	3	2	2	2	2	2	2	3	3	3	3	2	2	2	2	2	2	3	3	3	3	2	2	2	2	2	2	3	3	3	3	2	2	2	2	2	2	3	3	3	3	2	2	2	2	2	2	3	3	3	3	2	2	2	2	2	2	3	3	3	3	2	2	2	2	2	2	3	3	3	3	2	2	2	2	2	2	3	3	3	3	2	2	2	2	2	2	3	3	3	3	2	2	2	2	2	2	3	3	3	3	2	2	2	2	2	2	3	3	3	3	2	2	2	2	2	2	3	3	3	3	2	2	2	2	2	2	3	3	3	1	2	2	2	2	2	2	3	3	3	3
156 |	1	2	2	2	2	2	2	3	3	3	3	2	2	2	2	2	2	3	3	3	3	2	2	2	2	2	2	3	3	3	3	2	2	2	2	2	2	3	3	3	3	2	2	2	2	2	2	3	3	3	3	2	2	2	2	2	2	3	3	3	3	2	2	2	2	2	2	3	3	3	3	2	2	2	2	2	2	3	3	3	3	2	2	2	2	2	2	3	3	3	3	2	2	2	2	2	2	3	3	3	3	2	2	2	2	2	2	3	3	3	3	2	2	2	2	2	2	3	3	3	3	2	2	2	2	2	2	3	3	3	3	2	2	2	2	2	2	3	3	3	3	2	2	2	2	2	2	3	3	3	1	2	2	2	2	2	2	3	3	3	3
161 |	1	2	2	2	2	2	2	3	3	3	3	2	2	2	2	2	2	3	3	3	3	2	2	2	2	2	2	3	3	3	3	2	2	2	2	2	2	3	3	3	3	2	2	2	2	2	2	3	3	3	3	2	2	2	2	2	2	3	3	3	3	2	2	2	2	2	2	3	3	3	3	2	2	2	2	2	2	3	3	3	3	2	2	2	2	2	2	3	3	3	3	2	2	2	2	2	2	3	3	3	3	2	2	2	2	2	2	3	3	3	3	2	2	2	2	2	2	3	3	3	3	2	2	2	2	2	2	3	3	3	3	2	2	2	2	2	2	3	3	3	3	2	2	2	2	2	2	3	3	3	1	2	2	2	2	2	2	3	3	3	3
162 |	1	2	2	2	2	2	2	3	3	3	3	2	2	2	2	2	2	3	3	3	3	2	2	2	2	2	2	3	3	3	3	2	2	2	2	2	2	3	3	3	3	2	2	2	2	2	2	3	3	3	3	2	2	2	2	2	2	3	3	3	3	2	2	2	2	2	2	3	3	3	3	2	2	2	2	2	2	3	3	3	3	2	2	2	2	2	2	3	3	3	3	2	2	2	2	2	2	3	3	3	3	2	2	2	2	2	2	3	3	3	3	2	2	2	2	2	2	3	3	3	3	2	2	2	2	2	2	3	3	3	3	2	2	2	2	2	2	3	3	3	3	2	2	2	2	2	2	3	3	3	1	2	2	2	2	2	2	3	3	3	3
163 |	1	2	2	2	2	2	2	3	3	3	3	2	2	2	2	2	2	3	3	3	3	2	2	2	2	2	2	3	3	3	3	2	2	2	2	2	2	3	3	3	3	2	2	2	2	2	2	3	3	3	3	2	2	2	2	2	2	3	3	3	3	2	2	2	2	2	2	3	3	3	3	2	2	2	2	2	2	3	3	3	3	2	2	2	2	2	2	3	3	3	3	2	2	2	2	2	2	3	3	3	3	2	2	2	2	2	2	3	3	3	3	2	2	2	2	2	2	3	3	3	3	2	2	2	2	2	2	3	3	3	3	2	2	2	2	2	2	3	3	3	3	2	2	2	2	2	2	3	3	3	1	2	2	2	2	2	2	3	3	3	3
164 |	1	2	2	2	2	2	2	3	3	3	3	2	2	2	2	2	2	3	3	3	3	2	2	2	2	2	2	3	3	3	3	2	2	2	2	2	2	3	3	3	3	2	2	2	2	2	2	3	3	3	3	2	2	2	2	2	2	3	3	3	3	2	2	2	2	2	2	3	3	3	3	2	2	2	2	2	2	3	3	3	3	2	2	2	2	2	2	3	3	3	3	2	2	2	2	2	2	3	3	3	3	2	2	2	2	2	2	3	3	3	3	2	2	2	2	2	2	3	3	3	3	2	2	2	2	2	2	3	3	3	3	2	2	2	2	2	2	3	3	3	3	2	2	2	2	2	2	3	3	3	1	2	2	2	2	2	2	3	3	3	3
1 |	1	2	2	2	2	2	2	3	3	3	3	2	2	2	2	2	2	3	3	3	3	2	2	2	2	2	2	3	3	3	3	2	2	2	2	2	2	3	3	3	3	2	2	2	2	2	2	3	3	3	3	2	2	2	2	2	2	3	3	3	3	2	2	2	2	2	2	3	3	3	3	2	2	2	2	2	2	3	3	3	3	2	2	2	2	2	2	3	3	3	3	2	2	2	2	2	2	3	3	3	3	2	2	2	2	2	2	3	3	3	3	2	2	2	2	2	2	3	3	3	3	2	2	2	2	2	2	3	3	3	3	2	2	2	2	2	2	3	3	3	3	2	2	2	2	2	2	3	3	3	1	2	2	2	2	2	2	3	3	3	3
6 |	1	2	2	2	2	2	2	3	3	3	3	2	2	2	2	2	2	3	3	3	3	2	2	2	2	2	2	3	3	3	3	2	2	2	2	2	2	3	3	3	3	2	2	2	2	2	2	3	3	3	3	2	2	2	2	2	2	3	3	3	3	2	2	2	2	2	2	3	3	3	3	2	2	2	2	2	2	3	3	3	3	2	2	2	2	2	2	3	3	3	3	2	2	2	2	2	2	3	3	3	3	2	2	2	2	2	2	3	3	3	3	2	2	2	2	2	2	3	3	3	3	2	2	2	2	2	2	3	3	3	3	2	2	2	2	2	2	3	3	3	3	2	2	2	2	2	2	3	3	3	1	2	2	2	2	2	2	2	3	3	3
7 |	1	2	2	2	2	2	2	2	3	3	3	2	2	2	2	2	2	3	3	3	3	2	2	2	2	2	2	3	3	3	3	2	2	2	2	2	2	3	3	3	3	2	2	2	2	2	2	3	3	3	3	2	2	2	2	2	2	3	3	3	3	2	2	2	2	2	2	3	3	3	3	2	2	2	2	2	2	3	3	3	3	2	2	2	2	2	2	3	3	3	3	2	2	2	2	2	2	3	3	3	3	2	2	2	2	2	2	3	3	3	3	2	2	2	2	2	2	3	3	3	3	2	2	2	2	2	2	3	3	3	3	2	2	2	2	2	2	3	3	3	3	2	2	2	2	2	2	3	3	3	1	2	2	2	2	2	2	2	2	3	3
8 |	1	2	2	2	2	2	2	2	2	3	3	2	2	2	2	2	2	3	3	3	3	2	2	2	2	2	2	3	3	3	3	2	2	2	2	2	2	3	3	3	3	2	2	2	2	2	2	3	3	3	3	2	2	2	2	2	2	3	3	3	3	2	2	2	2	2	2	3	3	3	3	2	2	2	2	2	2	3	3	3	3	2	2	2	2	2	2	3	3	3	3	2	2	2	2	2	2	3	3	3	3	2	2	2	2	2	2	3	3	3	3	2	2	2	2	2	2	3	3	3	3	2	2	2	2	2	2	3	3	3	3	2	2	2	2	2	2	3	3	3	3	2	2	2	2	2	2	3	3	3	1	2	2	2	2	2	2	2	2	2	3
9 |	1	2	2	2	2	2	2	2	2	2	3	2	2	2	2	2	2	3	3	3	3	2	2	2	2	2	2	3	3	3	3	2	2	2	2	2	2	3	3	3	3	2	2	2	2	2	2	3	3	3	3	2	2	2	2	2	2	3	3	3	3	2	2	2	2	2	2	3	3	3	3	2	2	2	2	2	2	3	3	3	3	2	2	2	2	2	2	3	3	3	3	2	2	2	2	2	2	3	3	3	3	2	2	2	2	2	2	3	3	3	3	2	2	2	2	2	2	3	3	3	3	2	2	2	2	2	2	3	3	3	3	2	2	2	2	2	2	3	3	3	3	2	2	2	2	2	2	3	3	3	1	2	2	2	2	2	2	2	2	2	2
10 |	1	2	2	2	2	2	2	2	2	2	2	2	2	2	2	2	2	3	3	3	3	2	2	2	2	2	2	3	3	3	3	2	2	2	2	2	2	3	3	3	3	2	2	2	2	2	2	3	3	3	3	2	2	2	2	2	2	3	3	3	3	2	2	2	2	2	2	3	3	3	3	2	2	2	2	2	2	3	3	3	3	2	2	2	2	2	2	3	3	3	3	2	2	2	2	2	2	3	3	3	3	2	2	2	2	2	2	3	3	3	3	2	2	2	2	2	2	3	3	3	3	2	2	2	2	2	2	3	3	3	3	2	2	2	2	2	2	3	3	3	3	2	2	2	2	2	2	3	3	3	1	2	2	2	2	2	2	2	2	2	2
11 |	1	2	2	2	2	2	2	2	2	2	2	2	2	2	2	2	2	3	3	3	3	2	2	2	2	2	2	3	3	3	3	2	2	2	2	2	2	3	3	3	3	2	2	2	2	2	2	3	3	3	3	2	2	2	2	2	2	3	3	3	3	2	2	2	2	2	2	3	3	3	3	2	2	2	2	2	2	3	3	3	3	2	2	2	2	2	2	3	3	3	3	2	2	2	2	2	2	3	3	3	3	2	2	2	2	2	2	3	3	3	3	2	2	2	2	2	2	3	3	3	3	2	2	2	2	2	2	3	3	3	3	2	2	2	2	2	2	3	3	3	3	2	2	2	2	2	2	3	3	3	1	2	2	2	2	2	2	2	2	2	2
16 |	1	2	2	2	2	2	2	2	2	2	2	2	2	2	2	2	2	3	3	3	3	2	2	2	2	2	2	3	3	3	3	2	2	2	2	2	2	3	3	3	3	2	2	2	2	2	2	3	3	3	3	2	2	2	2	2	2	3	3	3	3	2	2	2	2	2	2	3	3	3	3	2	2	2	2	2	2	3	3	3	3	2	2	2	2	2	2	3	3	3	3	2	2	2	2	2	2	3	3	3	3	2	2	2	2	2	2	3	3	3	3	2	2	2	2	2	2	3	3	3	3	2	2	2	2	2	2	3	3	3	3	2	2	2	2	2	2	3	3	3	3	2	2	2	2	2	2	3	3	3	1	2	2	2	2	2	2	2	2	2	2
17 |	1	2	2	2	2	2	2	2	2	2	2	2	2	2	2	2	2	2	3	3	3	2	2	2	2	2	2	3	3	3	3	2	2	2	2	2	2	3	3	3	3	2	2	2	2	2	2	3	3	3	3	2	2	2	2	2	2	3	3	3	3	2	2	2	2	2	2	3	3	3	3	2	2	2	2	2	2	3	3	3	3	2	2	2	2	2	2	3	3	3	3	2	2	2	2	2	2	3	3	3	3	2	2	2	2	2	2	3	3	3	3	2	2	2	2	2	2	3	3	3	3	2	2	2	2	2	2	3	3	3	3	2	2	2	2	2	2	3	3	3	3	2	2	2	2	2	2	3	3	3	1	2	2	2	2	2	2	2	2	2	2
18 |	1	2	2	2	2	2	2	2	2	2	2	2	2	2	2	2	2	2	2	3	3	2	2	2	2	2	2	3	3	3	3	2	2	2	2	2	2	3	3	3	3	2	2	2	2	2	2	3	3	3	3	2	2	2	2	2	2	3	3	3	3	2	2	2	2	2	2	3	3	3	3	2	2	2	2	2	2	3	3	3	3	2	2	2	2	2	2	3	3	3	3	2	2	2	2	2	2	3	3	3	3	2	2	2	2	2	2	3	3	3	3	2	2	2	2	2	2	3	3	3	3	2	2	2	2	2	2	3	3	3	3	2	2	2	2	2	2	3	3	3	3	2	2	2	2	2	2	3	3	3	1	2	2	2	2	2	2	2	2	2	2
19 |	1	2	2	2	2	2	2	2	2	2	2	2	2	2	2	2	2	2	2	2	3	2	2	2	2	2	2	3	3	3	3	2	2	2	2	2	2	3	3	3	3	2	2	2	2	2	2	3	3	3	3	2	2	2	2	2	2	3	3	3	3	2	2	2	2	2	2	3	3	3	3	2	2	2	2	2	2	3	3	3	3	2	2	2	2	2	2	3	3	3	3	2	2	2	2	2	2	3	3	3	3	2	2	2	2	2	2	3	3	3	3	2	2	2	2	2	2	3	3	3	3	2	2	2	2	2	2	3	3	3	3	2	2	2	2	2	2	3	3	3	3	2	2	2	2	2	2	3	3	3	1	2	2	2	2	2	2	2	2	2	2
20 |	1	2	2	2	2	2	2	2	2	2	2	2	2	2	2	2	2	2	2	2	2	2	2	2	2	2	2	3	3	3	3	2	2	2	2	2	2	3	3	3	3	2	2	2	2	2	2	3	3	3	3	2	2	2	2	2	2	3	3	3	3	2	2	2	2	2	2	3	3	3	3	2	2	2	2	2	2	3	3	3	3	2	2	2	2	2	2	3	3	3	3	2	2	2	2	2	2	3	3	3	3	2	2	2	2	2	2	3	3	3	3	2	2	2	2	2	2	3	3	3	3	2	2	2	2	2	2	3	3	3	3	2	2	2	2	2	2	3	3	3	3	2	2	2	2	2	2	3	3	3	1	2	2	2	2	2	2	2	2	2	2
21 |	1	2	2	2	2	2	2	2	2	2	2	2	2	2	2	2	2	2	2	2	2	2	2	2	2	2	2	3	3	3	3	2	2	2	2	2	2	3	3	3	3	2	2	2	2	2	2	3	3	3	3	2	2	2	2	2	2	3	3	3	3	2	2	2	2	2	2	3	3	3	3	2	2	2	2	2	2	3	3	3	3	2	2	2	2	2	2	3	3	3	3	2	2	2	2	2	2	3	3	3	3	2	2	2	2	2	2	3	3	3	3	2	2	2	2	2	2	3	3	3	3	2	2	2	2	2	2	3	3	3	3	2	2	2	2	2	2	3	3	3	3	2	2	2	2	2	2	3	3	3	1	2	2	2	2	2	2	2	2	2	2
26 |	1	2	2	2	2	2	2	2	2	2	2	2	2	2	2	2	2	2	2	2	2	2	2	2	2	2	2	3	3	3	3	2	2	2	2	2	2	3	3	3	3	2	2	2	2	2	2	3	3	3	3	2	2	2	2	2	2	3	3	3	3	2	2	2	2	2	2	3	3	3	3	2	2	2	2	2	2	3	3	3	3	2	2	2	2	2	2	3	3	3	3	2	2	2	2	2	2	3	3	3	3	2	2	2	2	2	2	3	3	3	3	2	2	2	2	2	2	3	3	3	3	2	2	2	2	2	2	3	3	3	3	2	2	2	2	2	2	3	3	3	3	2	2	2	2	2	2	3	3	3	1	2	2	2	2	2	2	2	2	2	2
27 |	1	2	2	2	2	2	2	2	2	2	2	2	2	2	2	2	2	2	2	2	2	2	2	2	2	2	2	2	3	3	3	2	2	2	2	2	2	3	3	3	3	2	2	2	2	2	2	3	3	3	3	2	2	2	2	2	2	3	3	3	3	2	2	2	2	2	2	3	3	3	3	2	2	2	2	2	2	3	3	3	3	2	2	2	2	2	2	3	3	3	3	2	2	2	2	2	2	3	3	3	3	2	2	2	2	2	2	3	3	3	3	2	2	2	2	2	2	3	3	3	3	2	2	2	2	2	2	3	3	3	3	2	2	2	2	2	2	3	3	3	3	2	2	2	2	2	2	3	3	3	1	2	2	2	2	2	2	2	2	2	2
28 |	1	2	2	2	2	2	2	2	2	2	2	2	2	2	2	2	2	2	2	2	2	2	2	2	2	2	2	2	2	3	3	2	2	2	2	2	2	3	3	3	3	2	2	2	2	2	2	3	3	3	3	2	2	2	2	2	2	3	3	3	3	2	2	2	2	2	2	3	3	3	3	2	2	2	2	2	2	3	3	3	3	2	2	2	2	2	2	3	3	3	3	2	2	2	2	2	2	3	3	3	3	2	2	2	2	2	2	3	3	3	3	2	2	2	2	2	2	3	3	3	3	2	2	2	2	2	2	3	3	3	3	2	2	2	2	2	2	3	3	3	3	2	2	2	2	2	2	3	3	3	1	2	2	2	2	2	2	2	2	2	2
29 |	1	2	2	2	2	2	2	2	2	2	2	2	2	2	2	2	2	2	2	2	2	2	2	2	2	2	2	2	2	2	3	2	2	2	2	2	2	3	3	3	3	2	2	2	2	2	2	3	3	3	3	2	2	2	2	2	2	3	3	3	3	2	2	2	2	2	2	3	3	3	3	2	2	2	2	2	2	3	3	3	3	2	2	2	2	2	2	3	3	3	3	2	2	2	2	2	2	3	3	3	3	2	2	2	2	2	2	3	3	3	3	2	2	2	2	2	2	3	3	3	3	2	2	2	2	2	2	3	3	3	3	2	2	2	2	2	2	3	3	3	3	2	2	2	2	2	2	3	3	3	1	2	2	2	2	2	2	2	2	2	2
30 |	1	2	2	2	2	2	2	2	2	2	2	2	2	2	2	2	2	2	2	2	2	2	2	2	2	2	2	2	2	2	2	2	2	2	2	2	2	3	3	3	3	2	2	2	2	2	2	3	3	3	3	2	2	2	2	2	2	3	3	3	3	2	2	2	2	2	2	3	3	3	3	2	2	2	2	2	2	3	3	3	3	2	2	2	2	2	2	3	3	3	3	2	2	2	2	2	2	3	3	3	3	2	2	2	2	2	2	3	3	3	3	2	2	2	2	2	2	3	3	3	3	2	2	2	2	2	2	3	3	3	3	2	2	2	2	2	2	3	3	3	3	2	2	2	2	2	2	3	3	3	1	2	2	2	2	2	2	2	2	2	2
31 |	1	2	2	2	2	2	2	2	2	2	2	2	2	2	2	2	2	2	2	2	2	2	2	2	2	2	2	2	2	2	2	2	2	2	2	2	2	3	3	3	3	2	2	2	2	2	2	3	3	3	3	2	2	2	2	2	2	3	3	3	3	2	2	2	2	2	2	3	3	3	3	2	2	2	2	2	2	3	3	3	3	2	2	2	2	2	2	3	3	3	3	2	2	2	2	2	2	3	3	3	3	2	2	2	2	2	2	3	3	3	3	2	2	2	2	2	2	3	3	3	3	2	2	2	2	2	2	3	3	3	3	2	2	2	2	2	2	3	3	3	3	2	2	2	2	2	2	3	3	3	1	2	2	2	2	2	2	2	2	2	2
36 |	1	2	2	2	2	2	2	2	2	2	2	2	2	2	2	2	2	2	2	2	2	2	2	2	2	2	2	2	2	2	2	2	2	2	2	2	2	3	3	3	3	2	2	2	2	2	2	3	3	3	3	2	2	2	2	2	2	3	3	3	3	2	2	2	2	2	2	3	3	3	3	2	2	2	2	2	2	3	3	3	3	2	2	2	2	2	2	3	3	3	3	2	2	2	2	2	2	3	3	3	3	2	2	2	2	2	2	3	3	3	3	2	2	2	2	2	2	3	3	3	3	2	2	2	2	2	2	3	3	3	3	2	2	2	2	2	2	3	3	3	3	2	2	2	2	2	2	3	3	3	1	2	2	2	2	2	2	2	2	2	2
37 |	1	2	2	2	2	2	2	2	2	2	2	2	2	2	2	2	2	2	2	2	2	2	2	2	2	2	2	2	2	2	2	2	2	2	2	2	2	2	3	3	3	2	2	2	2	2	2	3	3	3	3	2	2	2	2	2	2	3	3	3	3	2	2	2	2	2	2	3	3	3	3	2	2	2	2	2	2	3	3	3	3	2	2	2	2	2	2	3	3	3	3	2	2	2	2	2	2	3	3	3	3	2	2	2	2	2	2	3	3	3	3	2	2	2	2	2	2	3	3	3	3	2	2	2	2	2	2	3	3	3	3	2	2	2	2	2	2	3	3	3	3	2	2	2	2	2	2	3	3	3	1	2	2	2	2	2	2	2	2	2	2
38 |	1	2	2	2	2	2	2	2	2	2	2	2	2	2	2	2	2	2	2	2	2	2	2	2	2	2	2	2	2	2	2	2	2	2	2	2	2	2	2	3	3	2	2	2	2	2	2	3	3	3	3	2	2	2	2	2	2	3	3	3	3	2	2	2	2	2	2	3	3	3	3	2	2	2	2	2	2	3	3	3	3	2	2	2	2	2	2	3	3	3	3	2	2	2	2	2	2	3	3	3	3	2	2	2	2	2	2	3	3	3	3	2	2	2	2	2	2	3	3	3	3	2	2	2	2	2	2	3	3	3	3	2	2	2	2	2	2	3	3	3	3	2	2	2	2	2	2	3	3	3	1	2	2	2	2	2	2	2	2	2	2
39 |	1	2	2	2	2	2	2	2	2	2	2	2	2	2	2	2	2	2	2	2	2	2	2	2	2	2	2	2	2	2	2	2	2	2	2	2	2	2	2	2	3	2	2	2	2	2	2	3	3	3	3	2	2	2	2	2	2	3	3	3	3	2	2	2	2	2	2	3	3	3	3	2	2	2	2	2	2	3	3	3	3	2	2	2	2	2	2	3	3	3	3	2	2	2	2	2	2	3	3	3	3	2	2	2	2	2	2	3	3	3	3	2	2	2	2	2	2	3	3	3	3	2	2	2	2	2	2	3	3	3	3	2	2	2	2	2	2	3	3	3	3	2	2	2	2	2	2	3	3	3	1	2	2	2	2	2	2	2	2	2	2
40 |	1	2	2	2	2	2	2	2	2	2	2	2	2	2	2	2	2	2	2	2	2	2	2	2	2	2	2	2	2	2	2	2	2	2	2	2	2	2	2	2	2	2	2	2	2	2	2	3	3	3	3	2	2	2	2	2	2	3	3	3	3	2	2	2	2	2	2	3	3	3	3	2	2	2	2	2	2	3	3	3	3	2	2	2	2	2	2	3	3	3	3	2	2	2	2	2	2	3	3	3	3	2	2	2	2	2	2	3	3	3	3	2	2	2	2	2	2	3	3	3	3	2	2	2	2	2	2	3	3	3	3	2	2	2	2	2	2	3	3	3	3	2	2	2	2	2	2	3	3	3	1	2	2	2	2	2	2	2	2	2	2
41 |	1	2	2	2	2	2	2	2	2	2	2	2	2	2	2	2	2	2	2	2	2	2	2	2	2	2	2	2	2	2	2	2	2	2	2	2	2	2	2	2	2	2	2	2	2	2	2	3	3	3	3	2	2	2	2	2	2	3	3	3	3	2	2	2	2	2	2	3	3	3	3	2	2	2	2	2	2	3	3	3	3	2	2	2	2	2	2	3	3	3	3	2	2	2	2	2	2	3	3	3	3	2	2	2	2	2	2	3	3	3	3	2	2	2	2	2	2	3	3	3	3	2	2	2	2	2	2	3	3	3	3	2	2	2	2	2	2	3	3	3	3	2	2	2	2	2	2	3	3	3	1	2	2	2	2	2	2	2	2	2	2
46 |	1	2	2	2	2	2	2	2	2	2	2	2	2	2	2	2	2	2	2	2	2	2	2	2	2	2	2	2	2	2	2	2	2	2	2	2	2	2	2	2	2	2	2	2	2	2	2	3	3	3	3	2	2	2	2	2	2	3	3	3	3	2	2	2	2	2	2	3	3	3	3	2	2	2	2	2	2	3	3	3	3	2	2	2	2	2	2	3	3	3	3	2	2	2	2	2	2	3	3	3	3	2	2	2	2	2	2	3	3	3	3	2	2	2	2	2	2	3	3	3	3	2	2	2	2	2	2	3	3	3	3	2	2	2	2	2	2	3	3	3	3	2	2	2	2	2	2	3	3	3	1	2	2	2	2	2	2	2	2	2	2
47 |	1	2	2	2	2	2	2	2	2	2	2	2	2	2	2	2	2	2	2	2	2	2	2	2	2	2	2	2	2	2	2	2	2	2	2	2	2	2	2	2	2	2	2	2	2	2	2	2	3	3	3	2	2	2	2	2	2	3	3	3	3	2	2	2	2	2	2	3	3	3	3	2	2	2	2	2	2	3	3	3	3	2	2	2	2	2	2	3	3	3	3	2	2	2	2	2	2	3	3	3	3	2	2	2	2	2	2	3	3	3	3	2	2	2	2	2	2	3	3	3	3	2	2	2	2	2	2	3	3	3	3	2	2	2	2	2	2	3	3	3	3	2	2	2	2	2	2	3	3	3	1	2	2	2	2	2	2	2	2	2	2
48 |	1	2	2	2	2	2	2	2	2	2	2	2	2	2	2	2	2	2	2	2	2	2	2	2	2	2	2	2	2	2	2	2	2	2	2	2	2	2	2	2	2	2	2	2	2	2	2	2	2	3	3	2	2	2	2	2	2	3	3	3	3	2	2	2	2	2	2	3	3	3	3	2	2	2	2	2	2	3	3	3	3	2	2	2	2	2	2	3	3	3	3	2	2	2	2	2	2	3	3	3	3	2	2	2	2	2	2	3	3	3	3	2	2	2	2	2	2	3	3	3	3	2	2	2	2	2	2	3	3	3	3	2	2	2	2	2	2	3	3	3	3	2	2	2	2	2	2	3	3	3	1	2	2	2	2	2	2	2	2	2	2
49 |	1	2	2	2	2	2	2	2	2	2	2	2	2	2	2	2	2	2	2	2	2	2	2	2	2	2	2	2	2	2	2	2	2	2	2	2	2	2	2	2	2	2	2	2	2	2	2	2	2	2	3	2	2	2	2	2	2	3	3	3	3	2	2	2	2	2	2	3	3	3	3	2	2	2	2	2	2	3	3	3	3	2	2	2	2	2	2	3	3	3	3	2	2	2	2	2	2	3	3	3	3	2	2	2	2	2	2	3	3	3	3	2	2	2	2	2	2	3	3	3	3	2	2	2	2	2	2	3	3	3	3	2	2	2	2	2	2	3	3	3	3	2	2	2	2	2	2	3	3	3	1	2	2	2	2	2	2	2	2	2	2
50 |	1	2	2	2	2	2	2	2	2	2	2	2	2	2	2	2	2	2	2	2	2	2	2	2	2	2	2	2	2	2	2	2	2	2	2	2	2	2	2	2	2	2	2	2	2	2	2	2	2	2	2	2	2	2	2	2	2	3	3	3	3	2	2	2	2	2	2	3	3	3	3	2	2	2	2	2	2	3	3	3	3	2	2	2	2	2	2	3	3	3	3	2	2	2	2	2	2	3	3	3	3	2	2	2	2	2	2	3	3	3	3	2	2	2	2	2	2	3	3	3	3	2	2	2	2	2	2	3	3	3	3	2	2	2	2	2	2	3	3	3	3	2	2	2	2	2	2	3	3	3	1	2	2	2	2	2	2	2	2	2	2
51 |	1	2	2	2	2	2	2	2	2	2	2	2	2	2	2	2	2	2	2	2	2	2	2	2	2	2	2	2	2	2	2	2	2	2	2	2	2	2	2	2	2	2	2	2	2	2	2	2	2	2	2	2	2	2	2	2	2	3	3	3	3	2	2	2	2	2	2	3	3	3	3	2	2	2	2	2	2	3	3	3	3	2	2	2	2	2	2	3	3	3	3	2	2	2	2	2	2	3	3	3	3	2	2	2	2	2	2	3	3	3	3	2	2	2	2	2	2	3	3	3	3	2	2	2	2	2	2	3	3	3	3	2	2	2	2	2	2	3	3	3	3	2	2	2	2	2	2	3	3	3	1	2	2	2	2	2	2	2	2	2	2
56 |	1	2	2	2	2	2	2	2	2	2	2	2	2	2	2	2	2	2	2	2	2	2	2	2	2	2	2	2	2	2	2	2	2	2	2	2	2	2	2	2	2	2	2	2	2	2	2	2	2	2	2	2	2	2	2	2	2	3	3	3	3	2	2	2	2	2	2	3	3	3	3	2	2	2	2	2	2	3	3	3	3	2	2	2	2	2	2	3	3	3	3	2	2	2	2	2	2	3	3	3	3	2	2	2	2	2	2	3	3	3	3	2	2	2	2	2	2	3	3	3	3	2	2	2	2	2	2	3	3	3	3	2	2	2	2	2	2	3	3	3	3	2	2	2	2	2	2	3	3	3	1	2	2	2	2	2	2	2	2	2	2
57 |	1	2	2	2	2	2	2	2	2	2	2	2	2	2	2	2	2	2	2	2	2	2	2	2	2	2	2	2	2	2	2	2	2	2	2	2	2	2	2	2	2	2	2	2	2	2	2	2	2	2	2	2	2	2	2	2	2	2	3	3	3	2	2	2	2	2	2	3	3	3	3	2	2	2	2	2	2	3	3	3	3	2	2	2	2	2	2	3	3	3	3	2	2	2	2	2	2	3	3	3	3	2	2	2	2	2	2	3	3	3	3	2	2	2	2	2	2	3	3	3	3	2	2	2	2	2	2	3	3	3	3	2	2	2	2	2	2	3	3	3	3	2	2	2	2	2	2	3	3	3	1	2	2	2	2	2	2	2	2	2	2
58 |	1	2	2	2	2	2	2	2	2	2	2	2	2	2	2	2	2	2	2	2	2	2	2	2	2	2	2	2	2	2	2	2	2	2	2	2	2	2	2	2	2	2	2	2	2	2	2	2	2	2	2	2	2	2	2	2	2	2	2	3	3	2	2	2	2	2	2	3	3	3	3	2	2	2	2	2	2	3	3	3	3	2	2	2	2	2	2	3	3	3	3	2	2	2	2	2	2	3	3	3	3	2	2	2	2	2	2	3	3	3	3	2	2	2	2	2	2	3	3	3	3	2	2	2	2	2	2	3	3	3	3	2	2	2	2	2	2	3	3	3	3	2	2	2	2	2	2	3	3	3	1	2	2	2	2	2	2	2	2	2	2
59 |	1	2	2	2	2	2	2	2	2	2	2	2	2	2	2	2	2	2	2	2	2	2	2	2	2	2	2	2	2	2	2	2	2	2	2	2	2	2	2	2	2	2	2	2	2	2	2	2	2	2	2	2	2	2	2	2	2	2	2	2	3	2	2	2	2	2	2	3	3	3	3	2	2	2	2	2	2	3	3	3	3	2	2	2	2	2	2	3	3	3	3	2	2	2	2	2	2	3	3	3	3	2	2	2	2	2	2	3	3	3	3	2	2	2	2	2	2	3	3	3	3	2	2	2	2	2	2	3	3	3	3	2	2	2	2	2	2	3	3	3	3	2	2	2	2	2	2	3	3	3	1	2	2	2	2	2	2	2	2	2	2
60 |	1	2	2	2	2	2	2	2	2	2	2	2	2	2	2	2	2	2	2	2	2	2	2	2	2	2	2	2	2	2	2	2	2	2	2	2	2	2	2	2	2	2	2	2	2	2	2	2	2	2	2	2	2	2	2	2	2	2	2	2	2	2	2	2	2	2	2	3	3	3	3	2	2	2	2	2	2	3	3	3	3	2	2	2	2	2	2	3	3	3	3	2	2	2	2	2	2	3	3	3	3	2	2	2	2	2	2	3	3	3	3	2	2	2	2	2	2	3	3	3	3	2	2	2	2	2	2	3	3	3	3	2	2	2	2	2	2	3	3	3	3	2	2	2	2	2	2	3	3	3	1	2	2	2	2	2	2	2	2	2	2
61 |	1	2	2	2	2	2	2	2	2	2	2	2	2	2	2	2	2	2	2	2	2	2	2	2	2	2	2	2	2	2	2	2	2	2	2	2	2	2	2	2	2	2	2	2	2	2	2	2	2	2	2	2	2	2	2	2	2	2	2	2	2	2	2	2	2	2	2	3	3	3	3	2	2	2	2	2	2	3	3	3	3	2	2	2	2	2	2	3	3	3	3	2	2	2	2	2	2	3	3	3	3	2	2	2	2	2	2	3	3	3	3	2	2	2	2	2	2	3	3	3	3	2	2	2	2	2	2	3	3	3	3	2	2	2	2	2	2	3	3	3	3	2	2	2	2	2	2	3	3	3	1	2	2	2	2	2	2	2	2	2	2
66 |	1	2	2	2	2	2	2	2	2	2	2	2	2	2	2	2	2	2	2	2	2	2	2	2	2	2	2	2	2	2	2	2	2	2	2	2	2	2	2	2	2	2	2	2	2	2	2	2	2	2	2	2	2	2	2	2	2	2	2	2	2	2	2	2	2	2	2	3	3	3	3	2	2	2	2	2	2	3	3	3	3	2	2	2	2	2	2	3	3	3	3	2	2	2	2	2	2	3	3	3	3	2	2	2	2	2	2	3	3	3	3	2	2	2	2	2	2	3	3	3	3	2	2	2	2	2	2	3	3	3	3	2	2	2	2	2	2	3	3	3	3	2	2	2	2	2	2	3	3	3	1	2	2	2	2	2	2	2	2	2	2
67 |	1	2	2	2	2	2	2	2	2	2	2	2	2	2	2	2	2	2	2	2	2	2	2	2	2	2	2	2	2	2	2	2	2	2	2	2	2	2	2	2	2	2	2	2	2	2	2	2	2	2	2	2	2	2	2	2	2	2	2	2	2	2	2	2	2	2	2	2	3	3	3	2	2	2	2	2	2	3	3	3	3	2	2	2	2	2	2	3	3	3	3	2	2	2	2	2	2	3	3	3	3	2	2	2	2	2	2	3	3	3	3	2	2	2	2	2	2	3	3	3	3	2	2	2	2	2	2	3	3	3	3	2	2	2	2	2	2	3	3	3	3	2	2	2	2	2	2	3	3	3	1	2	2	2	2	2	2	2	2	2	2
68 |	1	2	2	2	2	2	2	2	2	2	2	2	2	2	2	2	2	2	2	2	2	2	2	2	2	2	2	2	2	2	2	2	2	2	2	2	2	2	2	2	2	2	2	2	2	2	2	2	2	2	2	2	2	2	2	2	2	2	2	2	2	2	2	2	2	2	2	2	2	3	3	2	2	2	2	2	2	3	3	3	3	2	2	2	2	2	2	3	3	3	3	2	2	2	2	2	2	3	3	3	3	2	2	2	2	2	2	3	3	3	3	2	2	2	2	2	2	3	3	3	3	2	2	2	2	2	2	3	3	3	3	2	2	2	2	2	2	3	3	3	3	2	2	2	2	2	2	3	3	3	1	2	2	2	2	2	2	2	2	2	2
69 |	1	2	2	2	2	2	2	2	2	2	2	2	2	2	2	2	2	2	2	2	2	2	2	2	2	2	2	2	2	2	2	2	2	2	2	2	2	2	2	2	2	2	2	2	2	2	2	2	2	2	2	2	2	2	2	2	2	2	2	2	2	2	2	2	2	2	2	2	2	2	3	2	2	2	2	2	2	3	3	3	3	2	2	2	2	2	2	3	3	3	3	2	2	2	2	2	2	3	3	3	3	2	2	2	2	2	2	3	3	3	3	2	2	2	2	2	2	3	3	3	3	2	2	2	2	2	2	3	3	3	3	2	2	2	2	2	2	3	3	3	3	2	2	2	2	2	2	3	3	3	1	2	2	2	2	2	2	2	2	2	2
70 |	1	2	2	2	2	2	2	2	2	2	2	2	2	2	2	2	2	2	2	2	2	2	2	2	2	2	2	2	2	2	2	2	2	2	2	2	2	2	2	2	2	2	2	2	2	2	2	2	2	2	2	2	2	2	2	2	2	2	2	2	2	2	2	2	2	2	2	2	2	2	2	2	2	2	2	2	2	3	3	3	3	2	2	2	2	2	2	3	3	3	3	2	2	2	2	2	2	3	3	3	3	2	2	2	2	2	2	3	3	3	3	2	2	2	2	2	2	3	3	3	3	2	2	2	2	2	2	3	3	3	3	2	2	2	2	2	2	3	3	3	3	2	2	2	2	2	2	3	3	3	1	2	2	2	2	2	2	2	2	2	2
71 |	1	2	2	2	2	2	2	2	2	2	2	2	2	2	2	2	2	2	2	2	2	2	2	2	2	2	2	2	2	2	2	2	2	2	2	2	2	2	2	2	2	2	2	2	2	2	2	2	2	2	2	2	2	2	2	2	2	2	2	2	2	2	2	2	2	2	2	2	2	2	2	2	2	2	2	2	2	3	3	3	3	2	2	2	2	2	2	3	3	3	3	2	2	2	2	2	2	3	3	3	3	2	2	2	2	2	2	3	3	3	3	2	2	2	2	2	2	3	3	3	3	2	2	2	2	2	2	3	3	3	3	2	2	2	2	2	2	3	3	3	3	2	2	2	2	2	2	3	3	3	1	2	2	2	2	2	2	2	2	2	2
76 |	1	2	2	2	2	2	2	2	2	2	2	2	2	2	2	2	2	2	2	2	2	2	2	2	2	2	2	2	2	2	2	2	2	2	2	2	2	2	2	2	2	2	2	2	2	2	2	2	2	2	2	2	2	2	2	2	2	2	2	2	2	2	2	2	2	2	2	2	2	2	2	2	2	2	2	2	2	3	3	3	3	2	2	2	2	2	2	3	3	3	3	2	2	2	2	2	2	3	3	3	3	2	2	2	2	2	2	3	3	3	3	2	2	2	2	2	2	3	3	3	3	2	2	2	2	2	2	3	3	3	3	2	2	2	2	2	2	3	3	3	3	2	2	2	2	2	2	3	3	3	1	2	2	2	2	2	2	2	2	2	2
77 |	1	2	2	2	2	2	2	2	2	2	2	2	2	2	2	2	2	2	2	2	2	2	2	2	2	2	2	2	2	2	2	2	2	2	2	2	2	2	2	2	2	2	2	2	2	2	2	2	2	2	2	2	2	2	2	2	2	2	2	2	2	2	2	2	2	2	2	2	2	2	2	2	2	2	2	2	2	2	3	3	3	2	2	2	2	2	2	3	3	3	3	2	2	2	2	2	2	3	3	3	3	2	2	2	2	2	2	3	3	3	3	2	2	2	2	2	2	3	3	3	3	2	2	2	2	2	2	3	3	3	3	2	2	2	2	2	2	3	3	3	3	2	2	2	2	2	2	3	3	3	1	2	2	2	2	2	2	2	2	2	2
78 |	1	2	2	2	2	2	2	2	2	2	2	2	2	2	2	2	2	2	2	2	2	2	2	2	2	2	2	2	2	2	2	2	2	2	2	2	2	2	2	2	2	2	2	2	2	2	2	2	2	2	2	2	2	2	2	2	2	2	2	2	2	2	2	2	2	2	2	2	2	2	2	2	2	2	2	2	2	2	2	3	3	2	2	2	2	2	2	3	3	3	3	2	2	2	2	2	2	3	3	3	3	2	2	2	2	2	2	3	3	3	3	2	2	2	2	2	2	3	3	3	3	2	2	2	2	2	2	3	3	3	3	2	2	2	2	2	2	3	3	3	3	2	2	2	2	2	2	3	3	3	1	2	2	2	2	2	2	2	2	2	2
79 |	1	2	2	2	2	2	2	2	2	2	2	2	2	2	2	2	2	2	2	2	2	2	2	2	2	2	2	2	2	2	2	2	2	2	2	2	2	2	2	2	2	2	2	2	2	2	2	2	2	2	2	2	2	2	2	2	2	2	2	2	2	2	2	2	2	2	2	2	2	2	2	2	2	2	2	2	2	2	2	2	3	2	2	2	2	2	2	3	3	3	3	2	2	2	2	2	2	3	3	3	3	2	2	2	2	2	2	3	3	3	3	2	2	2	2	2	2	3	3	3	3	2	2	2	2	2	2	3	3	3	3	2	2	2	2	2	2	3	3	3	3	2	2	2	2	2	2	3	3	3	1	2	2	2	2	2	2	2	2	2	2
80 |	1	2	2	2	2	2	2	2	2	2	2	2	2	2	2	2	2	2	2	2	2	2	2	2	2	2	2	2	2	2	2	2	2	2	2	2	2	2	2	2	2	2	2	2	2	2	2	2	2	2	2	2	2	2	2	2	2	2	2	2	2	2	2	2	2	2	2	2	2	2	2	2	2	2	2	2	2	2	2	2	2	2	2	2	2	2	2	3	3	3	3	2	2	2	2	2	2	3	3	3	3	2	2	2	2	2	2	3	3	3	3	2	2	2	2	2	2	3	3	3	3	2	2	2	2	2	2	3	3	3	3	2	2	2	2	2	2	3	3	3	3	2	2	2	2	2	2	3	3	3	1	2	2	2	2	2	2	2	2	2	2
81 |	1	2	2	2	2	2	2	2	2	2	2	2	2	2	2	2	2	2	2	2	2	2	2	2	2	2	2	2	2	2	2	2	2	2	2	2	2	2	2	2	2	2	2	2	2	2	2	2	2	2	2	2	2	2	2	2	2	2	2	2	2	2	2	2	2	2	2	2	2	2	2	2	2	2	2	2	2	2	2	2	2	2	2	2	2	2	2	3	3	3	3	2	2	2	2	2	2	3	3	3	3	2	2	2	2	2	2	3	3	3	3	2	2	2	2	2	2	3	3	3	3	2	2	2	2	2	2	3	3	3	3	2	2	2	2	2	2	3	3	3	3	2	2	2	2	2	2	3	3	3	1	2	2	2	2	2	2	2	2	2	2
86 |	1	2	2	2	2	2	2	2	2	2	2	2	2	2	2	2	2	2	2	2	2	2	2	2	2	2	2	2	2	2	2	2	2	2	2	2	2	2	2	2	2	51	2	2	2	2	2	2	2	2	2	2	2	2	2	2	2	2	2	2	2	2	2	2	2	2	2	2	2	2	2	2	2	2	2	2	2	2	2	2	2	2	2	2	2	2	2	3	3	3	3	2	2	2	2	2	2	3	3	3	3	2	2	2	2	2	2	3	3	3	3	2	2	2	2	2	2	3	3	3	3	2	2	2	2	2	2	3	3	3	3	2	2	2	2	2	2	3	3	3	3	2	2	2	2	2	2	3	3	3	1	2	2	2	2	2	2	2	2	2	2